-2.6057043201640244,6.723466628101691,-6.97116533001021,1.7136145092296,-9.678573293389423,-4.271444084735445,-5.773142082518423,-6.268204278031153,5.174248041367839,5.6889036076116986,-11.865863152270716,8.398584340081037,-18.8627483597325,1.1917855110730264,0.5130998537732561,-7.569174987564001,0.2989860010524012,1.1879297543268514,16.599971504324536,-5.703573773816097,-45.38335734811315,0.5064493566277146,-0.9398350055292404,4.073622913958848,-140.86351996834728,3.4090144061880165,0.18465455539353717,0.8764726456822732,-0.7866038707385717,-32.25517896336425,-0.9937562077937738,-4.318032570889843,3.179558908538205,6.187865339274077,-93.81715140838793,-2.6131921249601233,2.091889019877172,1.2555111286247376,1.2521777894292483,2.4283567254832485,-1.7726678449831914,14.988968887875295,0.3512002902910497,-2.739733920209433,-4.627236617963753,-2.1785756266883594,-11.217257864490962,-0.6346478525964537
numHidden 	5
numGenes 	48
minGene 	-3.0
maxGene 	3.0
popSize 	40
maxEvaluations 	20000
mutateRate 	0.01
mutateChange 	0.1
seed 	1741384436910
random 	java.util.Random@38314bab
neuralNetworkClass 	class coursework.EvolutionaryStrategy
Training Set Test
Fitness 0.005324111911518787