66.71249942239417,-19.40933823161363,-132.5923268957779,-33.91123786732976,358.3304144955996,-31.289314171561188,139.8600217877664,-88.40539864266341,-35.7878461533501,67.94432865246041,-6.51777430895892,-23.778676756626794,396.8278092050998,11.486244394342345,698.8384387220881,10017.428045250264,285.1252953091511,43.17504336463546,-317.60827120947516,87.44141618045705,-49.449253439288334,28.215663651572175,12.172166580446898,170.7035934189118,54.0653628789402,39.036702281669406,-5.470698987637768,1293.3298430404873,187.21807497246152,1.2989688764253247,51.82380744556096,258.74470500513644,-49.87760381534423,-57.93125944853618,156.10931607151113,744.2048061958466,-544.6949614414443,77.44844275576,-51.39546268630504,-139.73323382164608,-98.09797656354552,-42.80383412961132,650.4880285599862,-623.8184169652898,49.19207017349784,143.47538066270812,111.23373488432298,-19.408226631549212
numHidden 	5
numGenes 	48
minGene 	-35.0
maxGene 	35.0
popSize 	112
maxEvaluations 	40000
mutateRate 	3.3E-4
mutateChange 	1.0E-5
seed 	1741393085433
random 	java.util.Random@eb55d62
neuralNetworkClass 	class coursework.EvolutionaryStrategy
Training Set Training
Fitness 0.008396419839123193