-12.794088160643373,9.843947319159229,50.234871229512784,-0.48462641313491045,25.75311408986927,15.762670611600413,22.326053058426517,6.0891381289987985,6.600231290553392,1.404904629828407,7.330120839340014,-0.042962773362467545,27.78172962642136,-0.15543452728583806,2.036879472464904,78.95918318339504,3.5642024451451113,31.327129150072953,15.030559487002794,117.02561830312871,7.659475259270635,-10.475956875287665,3.8943574908118053,1.806413679845705,6.142282914275633,-25.549425767463614,6.149376321871877,-0.7426903196197486,-0.30648262151018985,2.902509498468946,-0.24734412942446268,5.708508209076561,-0.9422606356458768,-1.0485244532068316,-9.284479102213593,-0.09833256417676889,250.81998460243523,-24.354606858852403,0.51743371077497,1.0944960952698408,-13.370512350829529,60.57043564570242,4.653198297784044,4.146701828932104,-0.0036851089579509055,5.627200637549107,-2.137173358103805,2.983976718658654
numHidden 	5
numGenes 	48
minGene 	-3.0
maxGene 	3.0
popSize 	50
maxEvaluations 	40000
mutateRate 	0.01
mutateChange 	0.1
seed 	1741385079064
random 	java.util.Random@48654d3d
neuralNetworkClass 	class coursework.EvolutionaryStrategy
Training Set Training
Fitness 0.005747727160361804