0.6140604805375336,-95.3662104569387,8.177976456777426,107.22148929849918,-15.670156278047955,5.054698318748106,2.5994075363565514,-313.28260533474634,-0.5788238097826155,-82.21589207976879,0.6321244599531077,-39.32920452997738,9.29681132959002,42.95932171197442,15.402593872664692,22.173401057900854,91.76883898920113,1.771749614484341,-9.587120436229212,-1.1307309000953945,1.037833595172071,79.66345354627269,-265.9076990998583,6.221789845769753,-0.7849337655452182,1.3492267062722152,-7.728839887043312,2.089486972431306,-0.09692368628030107,31.350175941380186,10.991102699588,-5.675382672046701,53.761331072316004,-32.07198272835258,56.797757958578785,0.9265294589549047,4.930008535267421,11.154994803048773,-9.090169399505767,119.97469439842874,-39.70304693909179,1.4798161339375944,1.1320635670153183,-5.949615542565497,-45.93651083367002,9.5564209596617,-5.4140318705938775,1.0060852258563548
numHidden 	5
numGenes 	48
minGene 	-3.0
maxGene 	3.0
popSize 	120
maxEvaluations 	0
mutateRate 	0.005
mutateChange 	0.1
seed 	1741386042946
random 	java.util.Random@529c6a09
neuralNetworkClass 	class coursework.EvolutionaryStrategy
Training Set Training
Fitness 0.043365268293253864