-22.520735023270277,-3.9837108159426893,-1.1258133187644113,10.027095494430695,105.38093168263288,1.7399308899904042,13.419533521188555,8.887364052614135,64.47900414321427,10.006242773135913,-6.888208126339496,107.93383198310788,-0.7089979982900539,1.455765940026975,150.26599470350152,-49.49477821220296,10.187302566960923,22.13358695538542,27.48815419226404,4.687810343380389,6.267605717075943,-18.870109356442327,2.514289609175284,-16.019426403479148,0.8127725649688822,-11.68895323152713,2.353725575755432,-0.37029176528504476,3.908886424229719,-0.5211156360984135,19.37654434974455,-6.996283192744199,-0.10053460055174424,-33.89706631558348,5.406714619157377,-1.2026991155800055,-17.169901208054966,214.41631048794375,150.1229617446803,2.472031862124745,-26.162243180959848,3.5811854623824293,540.2180845166769,-9.396542652732773,1.5628337747213117,1.6321407716419563,5.93085991531355,1.5682045693038362
numHidden 	5
numGenes 	48
minGene 	-3.0
maxGene 	3.0
popSize 	120
maxEvaluations 	0
mutateRate 	0.005
mutateChange 	0.1
seed 	1741386042946
random 	java.util.Random@529c6a09
neuralNetworkClass 	class coursework.EvolutionaryStrategy
Training Set Training
Fitness 0.006522637354150652