49.247926757575414,472.4670023401046,314.03835942293887,-15.81817338779948,563.2514284666809,23.69755863834439,-113.28988307553348,12.925221187778728,47.40648311006128,-20.898702057393088,21.944869363273284,-0.0915452381141364,673.6587571111858,-0.6836244639750602,17.224022890320956,17.428206434709992,11.989353207973071,39.430385259668356,75.61813537241983,327.80789332983005,-57.62522012558084,57.435182002021136,3.7537890010100883,0.4747418219597064,-7.1505210418106575,-15.619389841096769,-159.12433285968197,4.241970012205488,-0.22435919716074992,-68.01127018144322,53.34918741009234,20.373407855705505,5.538365615519861,-3.261155480803085,3.175734160636093,6.369279112240303,523.687078495272,-77.70138522375768,-6.90292512199008,49.763818783715166,-19.276257724684612,90.00443216225369,46.77197719724801,20.9923279382636,23.109486059267798,-11.954705226552878,0.8699662680006277,-10.630799669846846
numHidden 	5
numGenes 	48
minGene 	-10.0
maxGene 	10.0
popSize 	100
maxEvaluations 	40000
mutateRate 	0.025
mutateChange 	1.25E-4
seed 	1741389420256
random 	java.util.Random@62ebb938
neuralNetworkClass 	class coursework.EvolutionaryStrategy
Training Set Training
Fitness 0.005071092963486201