-77.08877464697197,24.000004612144394,157.5053271166086,49.42525902015583,79.00031968923105,-352.4161181485013,-46.88043970304114,255.06270599212735,208.25448019082768,-92.26787125158008,-196.70800576356407,80.10188621851125,-222.8155367588275,36.173129922285156,-232.6027559295445,-33.623970078246806,68.85842877899086,-383.5992820579492,391.72871653986346,229.37305266236228,-40.84919318257871,-136.89959325985865,772.3139814976579,-247.61535602748611,112.05514995430333,-15.740673285203515,196.91910897126266,242.80732941665423,-40.49720618147491,-76.83786647081409,-8.885476172547468,-4.978478015261745,23.239233788156128,79.37458310611542,-96.11852917653368,6.846211495144974,56.68901521597732,308.1387499269565,-38.855164336637856,52.47362442514704,32.8454622907835,520.4494833421318,46.80765891877917,148.66702362951114,-98.79515180125644,-194.44507462132157,-120.01887966147075,30.927415866998274,-56.843195038493626,268.939380147694,12.826514867923802,-277.38976974565696,209.0551577470703,48.64034298716338,240.14175633394566,-22.858636156849357,101.5821799359383
numHidden 	6
numGenes 	57
minGene 	-180.0
maxGene 	180.0
popSize 	280
maxEvaluations 	20000
mutateRate 	0.75
mutateChange 	0.03
seed 	1743640382349
main_seed 	1743179468
random 	java.util.Random@1b9806f6
neuralNetworkClass 	class coursework.ParticleSwarmOptimiser
Training Set Training
Fitness 0.005308183465847922