-121.97976204914188,165.3117217361547,84.10806044278777,-129.88339353760333,-3.7548746345969874,-302.5953180678834,83.69218525982825,288.9134578459767,315.57513913631436,-113.73592205665759,-74.28318142317207,79.95972064128618,85.43422148686332,39.16849138483001,-234.0930489926826,-2.29579870640643,19.039832925777574,-346.5999112583269,352.5819631836763,339.30552609132116,-10.522227170296475,44.103730598880205,736.2429636944945,-202.19685094680625,125.87321065770792,60.13173649937309,78.72964509817146,210.41710141816128,6.872794309622762,-106.26253273679467,-17.758574786459675,-7.436652989495194,-0.6399690787367831,336.46718328402494,-206.22809512706587,-51.82816483527102,255.91206362798755,157.7875070575252,70.62718899619335,-101.66584451001725,78.23452667461046,451.1928416325841,-74.07059655714974,187.48889495856037,102.45501763204605,-90.04598229759311,-221.79401408412753,45.565896729312065,-6.309514539955725,150.1075027795544,-116.24284132659133,-130.935977443862,280.0077563763408,-5.390141195867415,252.42518398843873,120.45989399034154,137.3062621774178
numHidden 	6
numGenes 	57
minGene 	-180.0
maxGene 	180.0
popSize 	280
maxEvaluations 	0
mutateRate 	0.75
mutateChange 	0.03
seed 	1743957380524
main_seed 	1743179468
random 	java.util.Random@1b9806f6
neuralNetworkClass 	class coursework.ParticleSwarmOptimiser
Training Set Training
Fitness 0.030023957399308472