-54.28735564276736,345.79871211237656,-542.9453653512182,-718.5432597838693,67.9444800906171,-65.66953230801728,956.0626620619842,557.7327606713488,-483.8777932208828,-579.3635483908892,-292.3229598669294,-682.3331665610892,201.15909573970572,267.04362187197586,129.77998819195923,110.99383081784103,18.558630629688395,516.2904865848691,22.232304606132956,-119.84274767196256,130.30858190196284,117.54624340195082,-250.26006333806103,235.2510095542825,296.87840771763143,-486.77602509835066,-28.658257358623327,126.22847148903841,163.33922183950187,-144.76406046436847,805.1708731180215,-1.2266124866502033,660.1931774938848,775.6146099504523,1.7037516281723535,-450.0276953471534,-205.3845699919354,-267.07270380926525,151.87677394422872,331.7644396939791,-884.2824974124303,983.4831956757138,229.8580085902086,521.5019206490883,24.002514410099675,168.79413909117818,-467.95973000524367,78.14213652552554,472.4113032341255,178.67026588587206,-957.530135688818,528.6699318832673,-204.823528617396,-121.17244045496793,325.4725523284609,-294.87166117854713,-108.35783828735133
numHidden 	6
numGenes 	57
minGene 	-180.0
maxGene 	180.0
popSize 	280
maxEvaluations 	20000
mutateRate 	0.75
mutateChange 	0.03
seed 	1743956878735
main_seed 	1743179468
random 	java.util.Random@3172f7a
neuralNetworkClass 	class coursework.ParticleSwarmOptimiser
Training Set Training
Fitness 0.028886644297323794