-124.89580249272043,137.68456862070974,165.74350638398505,-162.41854001403652,0.6596776267610993,-357.2783811040464,77.24448716306208,248.86324448376874,301.8490609473431,-132.09382098829948,-70.13249625923706,71.0993160492514,76.0711012487665,28.220921035305217,-253.47477187897601,8.378187875682116,54.46391099458887,-345.8097486771136,508.9211897535867,328.09964112859996,-10.362551997244708,90.56784027101162,681.4641591792496,-170.6793996304629,157.3563997869107,66.2675706350104,161.44840227459275,106.34890903913653,43.225746734917706,-107.29963584223961,-14.010120667411504,-18.225520104506334,47.561997010993565,187.9419028780452,29.658668848753127,8.54429399926022,98.9140445675259,250.2994362440561,8.194311791234227,17.443199426743295,79.04483029936411,534.1720228568344,-104.78660393315371,196.08339539400436,-123.05590802524078,-80.22375134286166,-128.63227748043312,-38.933585975513104,-4.495678295951882,105.95864057461348,-109.51342307025251,-130.00066366265725,178.83289700503843,12.721640038711712,187.12179457153405,109.80372719945497,163.9624428027247
numHidden 	6
numGenes 	57
minGene 	-180.0
maxGene 	180.0
popSize 	280
maxEvaluations 	0
mutateRate 	0.75
mutateChange 	0.03
seed 	1743957079266
main_seed 	1743179468
random 	java.util.Random@2ab78dae
neuralNetworkClass 	class coursework.ParticleSwarmOptimiser
Training Set Training
Fitness 0.02023919765945301