-450.13672084737846,144.39265285823032,44.339527673440855,128.6454648931056,204.1308610452654,157.43831545878177,5.375082406763998,232.73034225913565,344.92211590345846,-82.6299162523298,-358.85253893934924,240.8032976980379,-668.7521856299463,133.34891612814877,77.41222779965672,252.07211987681177,-119.08940627007662,27.35308154480951,474.65728016942074,462.4413402427141,-161.79202049856164,-164.80131463021303,-260.6202733384273,-128.6769621505428,49.009451105491316,47.867890677367605,-35.305306348006916,-135.36725129635096,-601.9116996624296,49.528393826091474,10.664860120060153,-12.445447690971763,86.75104491494538,-87.65571236567601,-5.821156974855232,26.60853073419003,-309.2308797880813,208.22396992621168,269.7298104521657,432.59231105333726,-136.8012588817582,292.63837425930086,24.379264686557917,82.41134453251203,-134.8804903996095,13.234671869256498,235.6248210182886,137.2398675250343,101.12291861038665,-267.62182405832067,-52.53479271694442,-26.872955052902576,29.849071343411364,-10.374198891519633,157.9705485953417,-459.09573524668673,280.28327146020746
numHidden 	6
numGenes 	57
minGene 	-180.0
maxGene 	180.0
popSize 	280
maxEvaluations 	20000
mutateRate 	0.75
mutateChange 	0.03
seed 	1743956878735
main_seed 	1743179468
random 	java.util.Random@3172f7a
neuralNetworkClass 	class coursework.ParticleSwarmOptimiser
Training Set Training
Fitness 0.006380465966203811