-104.57675441570694,97.08925733741047,-154.5115919975717,-12.650627030467756,-246.60480753570374,261.58309149521995,102.28786299427775,35.42971782273365,166.9585170587589,-108.7547181249347,25.187617192748878,-91.06762445314789,-57.09100147917944,-319.1979004633584,200.348773953771,-139.82152237318354,-386.87845229744073,8.881769124681002,457.5646946946782,-45.55700386142523,155.91486509311673,-289.97107662315517,243.2055544959604,210.94283690675505,-361.90462574335083,-140.3503913380754,42.41866916917049,-124.90721505847243,18.058168456353908,313.6480163091521,4.333500012223024,8.642510862242474,-322.2745634894818,10.000967887152187,-4.076632903909056,-229.19826551096924,-36.481013734631766,-49.64784411825999,259.68422584547676,0.20706017666377985,-45.465894546661076,-57.62568756396124,55.89825979283283,3.3291866168119917,-6.360507687525713,-40.02148580819965,186.18295629973497,-200.56727538704388,-623.7416975817486,342.27209607818963,57.44364375616454,81.22226191270389,322.0390180057527,-68.66426870866209,205.93114779140123,7.763306728802723,168.85162032540933
numHidden 	6
numGenes 	57
minGene 	-180.0
maxGene 	180.0
popSize 	280
maxEvaluations 	20000
mutateRate 	0.75
mutateChange 	0.03
seed 	1744358909610
main_seed 	1743179468
random 	java.util.Random@7b882f00
neuralNetworkClass 	class coursework.ParticleSwarmOptimiser
Training Set Training
Fitness 0.005249746179258321