-300.1556101730535,399.62335319897596,30.889614156995314,-218.31886320663983,-44.02482137127222,74.24515480492767,260.7366339087023,-179.55125694746135,193.93609110347535,18.71067659030212,-506.91915983255456,6.965783106681071,-341.9146288482379,-148.31312929075116,68.21745310950692,-137.81950079548696,121.39968289286897,-89.3539349344073,82.41158742596787,53.70167410852646,426.3776157468551,-264.695383909739,-221.06876272317007,126.04558438448319,-25.686827337227236,181.58892323122728,18.31719059838588,284.3147578370381,-86.68504458631824,310.28676718987145,-2.4905491186241564,-318.0585051682561,-4.130027107009488,221.3563389389074,1.2638857315381316,212.90145156888218,-809.710282066009,266.3650520770128,28.42988692073468,269.9979193216246,108.01547759772296,78.43280753787221,186.42553549813306,-311.3144992463608,167.83248619847234,28.428785201554938,83.59331442360428,-126.75179617136273,506.8811312122529,16.148447511582834,5.565500355146016,120.29348134168565,-82.36030873271895,50.763133821360654,124.35990622479358,-13.697785541235113,102.3060328786099
numHidden 	6
numGenes 	57
minGene 	-180.0
maxGene 	180.0
popSize 	280
maxEvaluations 	0
mutateRate 	0.75
mutateChange 	0.03
seed 	1744358909610
main_seed 	1743179468
random 	java.util.Random@7b882f00
neuralNetworkClass 	class coursework.ParticleSwarmOptimiser
Training Set Training
Fitness 0.004963909579246007