-82.90369436165768,119.19509802892094,-4.214519964437407,724.3960144015479,807.3452062654902,-435.0500777178108,672.9947861680998,-661.7515103068326,21.528635230717537,268.2595143958658,-119.46210053319939,244.04193345420833,-50.35231222302663,-21.016289471815128,48.95457454279914,18.121401856621215,195.5244368161858,-161.19661942132163,1.9139193642368841,-22.670563975696282,355.2382182210306,-0.944845007375573,-225.30755408908288,-643.4323160436328,260.974485529812,495.4283509446898,-391.7432745247264,234.2673284521249,-237.27716702369273,156.67959581925194,-178.94746166504535,15.97148056803005,-34.55593145051233,29.38210853555898,45.61407046624987,59.08291231430898,123.02644797614775,29.050753913325686,116.21330308881303,327.1376089310439,123.6507231853021,-345.3132886875502,19.49987502155121,-75.81594576399628,196.92278581724452,-344.16237106033975,-341.81876941008164,-31.416123104417203,-29.673232613835438,-539.8870829725496,40.27779111263629,417.7203185093245,51.50931775798535,76.45112253456594,-196.24609948524747,126.20264646833095,211.0359951991292
numHidden 	6
numGenes 	57
minGene 	-180.0
maxGene 	180.0
popSize 	280
maxEvaluations 	20000
mutateRate 	0.75
mutateChange 	0.03
seed 	1744358909610
main_seed 	1743179468
random 	java.util.Random@7b882f00
neuralNetworkClass 	class coursework.ParticleSwarmOptimiser
Training Set Training
Fitness 0.039965121321582864