-118.76922574299203,-67.33206809164845,-131.06921956580808,522.6221887477442,66.55581471358579,426.39057919376876,345.4026936893673,-147.83900504857215,478.699467489586,-292.79241279486916,-547.3692004506302,256.0168212715141,139.71766500556808,-421.330964728348,-236.67065501884676,79.9691186728049,33.13045629485896,420.67417551373404,-78.01187636080932,123.74730167402971,-256.5915583165891,96.71117689575941,-393.199430395379,-387.1398498916787,275.92576056103735,23.875910846058716,365.1122488748835,-512.5889598138225,35.423554887943354,-201.19786167530432,220.37145846922553,-131.08877281767366,18.18884829469697,-35.759860565145026,29.838250291225332,-3.5953107112172775,-414.8876485630916,-40.930256959320126,301.163923383503,-309.80116385331144,-148.83572813156937,-112.0569259695299,-1.0735964359590695,118.2070811481791,-96.68976675103634,-261.4074727106296,52.33370485855394,-194.16321892526688,505.8830415036645,-238.97163512241787,-270.68789430892537,201.35693854974835,-589.1936783612239,-49.71706810908739,-32.6872044970715,-120.78700760390166,-691.901757863833
numHidden 	6
numGenes 	57
minGene 	-180.0
maxGene 	180.0
popSize 	280
maxEvaluations 	20000
mutateRate 	0.75
mutateChange 	0.03
seed 	1744358909610
main_seed 	1743179468
random 	java.util.Random@7b882f00
neuralNetworkClass 	class coursework.ParticleSwarmOptimiser
Training Set Training
Fitness 0.02639798706999301