863.6154356935203,-28.035342227128563,3653.667294313372,-5339.121727511868,2135.1547102434147,2631.8632067271456,-4853.232145869037,-4170.975620660058,963.7225117923548,3735.6067265632805,458.2362443520676,-9.71915872092914,5225.503514532069,-3176.4108199952802,278.6780328992474,-231.72622921953675,-7050.690590000971,60.447022553209365,195.79578473064495,7425.935078675036,922.1698256670577,-61.80382997933471,-232.16028648808214,-210.89652425696687,754.4495168842939,1775.719107834951,68.82858126892522,-143.2781476532842,28.892930626349436,-15313.450151297246,-260.71763586898413,7567.665031990957,-37.425727979312136,-29.322883020091382,120.89270986582511,-992.0271464345171,6118.916283827089,-122.1102634225442,63.568100369048324,-485.2380035034421,9743.703843960167,-83.24165611757168,-329.1282742615489,-1244.162338560245,-153.9414538056959,-3871.0350314119887,236.5929521506111,-293.13817335589835
numHidden 	5
numGenes 	48
minGene 	-205.0
maxGene 	205.0
popSize 	180
maxEvaluations 	60000
mutateRate 	0.033
mutateChange 	0.0031
seed 	1741610611767
random 	java.util.Random@3b819f75
neuralNetworkClass 	class coursework.ParticleSwarmOptimiser
Training Set Random
Fitness 0.0036938439140791865