2243.3694055816873,120530.09309124923,-495.4053297930791,595.5458895815975,-5746.644738759301,-497.56029571921647,940.4154592826974,-1208.3972800456545,-88.11690896895159,-2261.1488414526275,6754.143490540249,2755.141096218851,41.636106948385674,1879.4312252976729,-240.4844784462976,396.9105625820349,-1829.1023862439245,-1930.0511318245758,1031.1398769617824,788.499421711135,-174.49451518860212,-6489.565733316887,-152.2847286765573,204.54238852830926,253.61755410776217,1760.8756032788801,132.76061000485706,32.83523548848004,-16.150180829816115,-1228.6060162647177,-58.856241496518265,-1878.992614354603,-980.1864700739262,-239.68219947510568,-169.54980277041383,128.49887794684363,43.131955663230094,-629.0530149856214,-4157.029611431066,1644.5481293890791,-973.0776644674344,-279.6245119650529,256.55001903733665,-435.9985080975481,81.1481190747361,690.8287024127933,-300.93347022090177,1049.613283345866
numHidden 	5
numGenes 	48
minGene 	-165.0
maxGene 	165.0
popSize 	145
maxEvaluations 	60000
mutateRate 	0.03
mutateChange 	0.003
seed 	1741605448254
random 	java.util.Random@74889041
neuralNetworkClass 	class coursework.ParticleSwarmOptimiser
Training Set Training
Fitness 0.005153625013924927