-2002.8761199981002,1124.2565409145413,-116.45520851891818,-2632.6210604431276,-361.5413711403648,1429.8474287511433,-219.4258154562737,-316.7792460290689,698.0838229425386,-367.7911723828329,1307.897094579089,2265.3817995182876,-54.87434632002521,-4502.434051272487,847446.5101934078,-1735.9302992331764,2586.6053188763403,-566.2665485312646,656.0356280342528,-18989.03951926303,-56831.35443125426,377.74830542455095,-46.32524812497804,128.43298084062954,-2056.5571274861427,1053.7559228069285,-71.10719793219536,8.665211011228298,-28.585509166928972,83341.34623753322,2209.334934548638,-70.28164896146205,12625.48418190785,11460.790304909946,-188.23708481094707,-1141.1476324172193,-758.6647445067329,-32.77279396106201,-15390.437507496097,347.3638274051973,11913.699905779464,423.8665901086929,-2519.9891176895285,-1610.0792053368846,1360.2540357006646,-1071.9787491682735,-550.0338487989497,-102.94967188102996
numHidden 	5
numGenes 	48
minGene 	-205.0
maxGene 	205.0
popSize 	180
maxEvaluations 	60000
mutateRate 	0.03
mutateChange 	0.003
seed 	1741605823909
random 	java.util.Random@9f3a652
neuralNetworkClass 	class coursework.ParticleSwarmOptimiser
Training Set Training
Fitness 0.004245403375712753