-1.3605546934402524E7,5010.483036611907,-29.10402549476066,-3557.0011059875415,18044.101395316062,125.43115624964663,-2755.85918992321,-769.1713543153943,1312.7798297737172,207.54210411150956,-118056.9083405253,8662.780113078672,23.863949222183486,926.5821568829858,16890.486335722886,-1434.0033647712062,1469.6714873951962,-1129.8414400250983,-2121.906216834958,-471.0616899572059,1791.502002059382,-93.6102662948881,-23.402057222044473,-368.2281626641498,585.2421383262841,453.2341269892669,-66.2188597929628,13.27441979217801,24543.077826819357,-22.313618422663083,-543.3792403961534,3022.951480371968,-43.1716452225271,4437.0482593415345,305.78495762961415,-1731.8178102720872,60.98702919288627,6188.996165628633,-4602.771138977344,190.33128233446072,-3623.5484615939868,194.9409457559065,250.916580253018,-96090.8175448596,651.7455439814198,49.27968878183552,758.7323621741699,461.2652856143254
numHidden 	5
numGenes 	48
minGene 	-205.0
maxGene 	205.0
popSize 	180
maxEvaluations 	60000
mutateRate 	0.03
mutateChange 	0.003
seed 	1741606120464
random 	java.util.Random@4f31afc
neuralNetworkClass 	class coursework.ParticleSwarmOptimiser
Training Set Random
Fitness 0.0037994631280542437