-59.83440309456974,-9.5491694922279,37.02836467744548,-89.86170011035759,13.070530817880478,-63.41673402789804,-258.3002548072269,-49.65472355695039,10.07111206335054,41.74500555792385,-81.33708714727965,9.814403813538048,124.16535967298947,-73.47279847317364,-34.9788972929943,91.5016010784054,-369.59650358943213,132.0711010621733,17.622456634330245,-168.6826609530607,52.13732282896539,-7.153206740824347,58.33505375380765,-9.074845324120695,201.07301763824307,-7.89355705345447,4.772725406448127,-9.153824923033104,-174.93455466916834,37.25243869521854,13.680945444960287,302.85792402930343,16.53235346172182,-26.91132726483018,-98.38013415948514,-169.13692007525395,95.52413862724667,34.76529289016197,-1.2288726849686444,14.089299931075674,-94.97456256278268,-0.48854156057464637,27.329563987021764,15.0250932200156,-6.463613046267147,-27.662361894902624,-10.083452655348642,-25.65757777348126
numHidden 	5
numGenes 	48
minGene 	-50.0
maxGene 	50.0
popSize 	80
maxEvaluations 	0
mutateRate 	0.033
mutateChange 	5.0E-6
seed 	1741651384309
random 	java.util.Random@68a47be4
neuralNetworkClass 	class coursework.ParticleSwarmOptimiser
Training Set Random
Fitness 0.0038179145698508297