-4780.87603399945,-263.33529424077005,2476.858956638824,-229.6134540457197,-332.2180210665084,9.07471474714236,-446.7759950774359,613.6539196450229,-781.7002009193546,31.176080477876276,-63.486487805179394,-173.5561876124557,-373.54944116836583,489.1439858178269,-732.3324131815971,537.1606173113396,-713.424674492118,-2092.2620694527427,-53.203865262848005,95.6446228812087,94132.17073613884,-25.149074855046077,-1860.440444162794,-30498.547013544474,10.492801772356804,17496.46893893893,5.321163049615329,-710.7739198362862,113802.28213816197,-8.815878169106826,-3452.607921405967,61.613897285637556,-701.5923795008442,4166.462040319898,43.258238618946365,-5672.627310565,741.9806053152518,794.967789777356,3283.2257716740683,216.43991720646602,581.9795844249982,-90.1898493997216,-44485.56050981018,1043.4766210163586,476.8475515503652,4194.797830931022,-827.6821786896561,-1099.4033740271295
numHidden 	5
numGenes 	48
minGene 	-165.0
maxGene 	165.0
popSize 	145
maxEvaluations 	60000
mutateRate 	0.03
mutateChange 	2.9E-4
seed 	1741605030356
random 	java.util.Random@25b5fb60
neuralNetworkClass 	class coursework.ParticleSwarmOptimiser
Training Set Training
Fitness 0.0038913389209246797