-11.24132691497227,-30.711932860095743,-433.47699878380877,-280.66641776976553,-1215.8296754536718,93.93686311545765,-231.22729051251602,-1115.171580659619,1.7641306603248594,-20223.769057907408,-9.870366026648073,-59.55587107334143,-142.07602865414674,-284.1858947055176,-1723.3468280729912,160.9831359060011,-19880.48382096947,626.2886776598045,-41.248934184984165,-547.8050119591658,-2.196920076359171,-429.8570520312476,-268.4489919958845,-4.175824539483352,-4110.350704437573,-0.7334887704287079,169.35811242567388,194.70180991314743,0.3780565377184547,-720.2938367455268,-301.2795554336377,-90.84206752821683,80.95313263770187,-125.55842888735795,-152.88153486072852,-63.51797557334015,-248.9774379978799,15.938075799734058,-23.4391553006187,-773.2789879233985,367.4625205383949,-18.240487815060096,-200.03654175256708,-70.42537828056021,-28.926316532522197,-392.4302514371915,-21.5194540478682,-32.4525459976636
numHidden 	5
numGenes 	48
minGene 	-25.0
maxGene 	25.0
popSize 	100
maxEvaluations 	40000
mutateRate 	9.0E-4
mutateChange 	5.0E-5
seed 	1741390873602
random 	java.util.Random@20b522d0
neuralNetworkClass 	class coursework.EvolutionaryStrategy
Training Set Training
Fitness 0.0028959246261793794