9.63118174051062,87.49357013366533,34.63514998878476,9.187720291654273,0.5413185041870066,-5.681453541933616,8.892068515457147,677.0317826661296,60.10610584157142,27.89218325853873,-1.2774550979323611,141.25480261459637,14.129005246631962,-68.9411191069028,0.09641337606241002,34.305614605246404,23.34352869760035,28.28580654775463,186.0095719729014,53.433124864710315,-1.3573859456178408,1.7017547689859636,-8.826968838091199,-0.06275080672270139,4.135894617070343,-1.9107018530083861,0.23371990188134076,4.9912612813278,-96.01919398144395,-0.7903196912540804,2.55190282211725,4.690806128283827,-22.30442531471319,118.96567493598464,-102.6223417024973,-1.091148210603949,-9.023710130951812,5.137288827427508,-6.952573078847632,13.38970748765396,6.887236058287927,3.018153399611931,36.27814369397062,-2.2340956378722776,1629.063443606579,0.29253327984236677,-51.587419813681485,-5.030524477103018
numHidden 	5
numGenes 	48
minGene 	-3.0
maxGene 	3.0
popSize 	120
maxEvaluations 	40000
mutateRate 	0.018
mutateChange 	8.0E-5
seed 	1741388570522
random 	java.util.Random@284a0255
neuralNetworkClass 	class coursework.GeneticAlgorithm
Training Set Test
Fitness 0.004404357019878228