-55.59265413408944,-16.760497683068195,474.11097998338556,33.342338836084934,-106.17507402729252,124.34589820822232,949.5003598189335,-138.33040495474964,-255.30874650296897,-129.53923950795945,-5.369611693462912,-83.50398083147763,1097.2658371087534,-93.746924307552,-50.754642627234134,231.48829205384374,24.09729748728837,68.59496000797779,8603.682624572977,-2381.5839295941514,13.593642872802285,41.58429136714604,63.19647367744062,-107.23581769294178,140.82567981652528,-2.95700689344454,674.1488654650997,-2.4675018114065255,-1363.3210147267207,141.6176548784931,-23.69263687624045,-95.79520184622615,700.2382202429019,-81.0458212024395,-383.9594708383597,33.53111837964476,660.6758985249054,-835.3313241255539,-43.285417432597754,132.52490607803756,52.017272422982195,7.2449790483616425,-24.597058165338133,-160.96118281807026,26.26083679325145,-331.8855310806567,-17.766628737789517,-13.10382799493621
numHidden 	5
numGenes 	48
minGene 	-25.0
maxGene 	25.0
popSize 	100
maxEvaluations 	40000
mutateRate 	0.001
mutateChange 	5.0E-5
seed 	1741390786758
random 	java.util.Random@20b522d0
neuralNetworkClass 	class coursework.GeneticAlgorithm
Training Set Training
Fitness 0.004607016803086704