23.283912185805782,128.4531797301376,-69.06024017089082,-175.90521405048906,1131.5068349747683,-198.07884612270948,-66.27739612112757,223.60267454860167,35.73172159122605,461.957588217835,27.87859061445002,115.6520021085903,101.25706831229013,-218.45507552280256,2272.4554411795098,-324.1634536298533,-1258.8169360502907,-264.1167704982498,6.115584498596704,3853.1789203072253,-15.433091382641651,-52.39761385924949,47.33930383544272,0.8873905206136783,2374.782150800328,4.391712939806226,62.39701170069769,-86.08455497644108,-0.7239215587700101,646.6238038540757,25.049808243268515,35.78551826691374,-315.5530763559593,-121.35010550664136,12.698744271232883,41.3566162285429,36.92977089807705,115.728325510737,-25.95547329551526,-392.82044510678725,528.252734292377,-24.503966732195806,2.2189695162382534,27.08955524471598,10.935241077050128,-145.0476861486132,-127.76511644141142,-58.083842514952956
numHidden 	5
numGenes 	48
minGene 	-55.0
maxGene 	55.0
popSize 	115
maxEvaluations 	40000
mutateRate 	0.03
mutateChange 	0.00105
seed 	1741564630612
random 	java.util.Random@72c370c4
neuralNetworkClass 	class coursework.EvolutionaryStrategy
Training Set Random
Fitness 0.0037366354531219318