-692.9593028224458,-419.4339266582686,1.9917473127656926,-1664.2354780090861,346.3239512188863,-73.03622857791996,-207.96586245777098,-784.8090292205267,-14618.67236121209,1232.8405214187896,-724.0285990161186,-1152.7331263733383,-17.609181058550696,129.1741797942777,865.6801757905107,-84.53565312664188,410.8800981474067,-1337.994394528715,-212.83370619244567,1861.0433721134145,-10.56610306499784,35.70931805898053,-83.16486899354949,2603.4593214398387,23.53095601975995,3.3870509162829934,-40.70740487232078,18.896454199829446,-26315.085567222588,162.42748158889185,-1362.9692942741615,-13.33400129198035,64.8326074468327,-658.9663247046838,2143.278399283674,81.95842931630374,-27.58252568952414,75.58767163265873,-1356.3412558243615,450.8033561833546,-206.62595013757524,4.256016544391677,-50.466980094808434,-161.99129136310336,-225.3439437337911,-555.2736340963803,-52.87390551032841,-20.3565464134108
numHidden 	5
numGenes 	48
minGene 	-55.0
maxGene 	55.0
popSize 	115
maxEvaluations 	40000
mutateRate 	0.03
mutateChange 	0.001
seed 	1741563632456
random 	java.util.Random@72c370c4
neuralNetworkClass 	class coursework.EvolutionaryStrategy
Training Set Random
Fitness 0.004039700233435283