383.19876699789705,56.740527349108234,68.91069728768036,-158.12333573876202,106.0811466996214,-85.48461190002912,-775.9586335949575,196.32433447290978,2153.043025210108,610.5469764459606,425.28582233135694,89.45389231234974,-145.645649561173,39.32213675005163,36.19701034508775,-29.17605968136957,72.39760784990145,437.23947096880255,3213.901219039224,1036.5205261940216,1.7502946485983681,-66.17765271792379,420.069267032834,863.0669636082022,35.58925305333269,1.4651589592097078,-744.803340418177,250.1272072895767,-235.07542449445452,-12.762562553773105,863.0943721541453,-763.1079114966491,-195.21640777129738,514.0475400370852,30.81250803424568,-512.8305038271187,-117.15938942467199,-502.0523627999538,-97.67878589206623,17.056145164971888,63.065355460756145,-312.7174932948915,172.28176226959096,-80.06884662083786,1745.6231793559193,121.74891556145708,-119.13916739309508,-42.39902801471447
numHidden 	5
numGenes 	48
minGene 	-165.0
maxGene 	165.0
popSize 	145
maxEvaluations 	60000
mutateRate 	0.03
mutateChange 	2.9E-4
seed 	1741598983587
random 	java.util.Random@47145d20
neuralNetworkClass 	class coursework.EvolutionaryStrategy
Training Set Random
Fitness 0.0035981954269303537