48.172332303447774,-66.11528225068656,37.51219662024217,213.135485928705,-25.174314890121053,-54.111937131461374,-7.0009439703620515,305.4238805648815,12.172593979164596,-377.4303202441763,-177.39898919708736,62.4876855874937,17.44741715425331,152.13545336458324,-903.2668880548692,-206.84948314239264,-149.86487118988396,595.3145599407384,-62.66379064525037,-347.9018168120331,-242.5223625013394,63.021854628444004,38.097910009938204,-8.329115566292906,-155.1971900279871,-555.5995253244319,-119.63406619515058,-8.26365885838708,0.6511630650903943,-80.53836761091318,147.40907144054825,-66.96945152528832,-65.7776111668714,-8.405655162249452,-14.138618492682,-192.45659180929584,-159.6361901833755,42.37037968423164,1001.5638207126962,256.6096129261275,-1095.3061044331032,-66.73623250795048,-69.60323805453176,250.6675641900501,-47.33181931749961,-156.2127564944931,-697.670247072406,-112.81326943298617
numHidden 	5
numGenes 	48
minGene 	-35.0
maxGene 	35.0
popSize 	110
maxEvaluations 	40000
mutateRate 	0.03
mutateChange 	0.001
seed 	1741562433345
random 	java.util.Random@22d6e0ea
neuralNetworkClass 	class coursework.GeneticAlgorithm
Training Set Random
Fitness 0.004694106833089582