102.6115649034677,753.3762381554898,49.44160938214161,1195.9547130160659,-43.443533172397565,-1176.23194332023,61.15073820456677,28.688413097674843,-90.00900507447179,629.6055050595706,306.3080520119172,958.6006169410002,770.3505039580306,769.2841444455436,-42.67578141153164,6776.162690180723,118.77159537625765,-358.9107179298457,530.8555784315398,948.7099042758615,496.9849361011397,27.038559732794372,348.42146585833643,286.1420968539837,18.46561964585193,-52.399479491662646,2.825619261329421,-17.441282876813872,-177.27795003995885,-12.663315383967214,1069.8370376963278,435.99366197609845,-31.56076409422178,1306.8001470890463,-1182.5857912807314,133.76995358185832,-85.98254893444842,-103.41690132448133,146.36624773942998,1064.3208821147334,11.430724200225768,105.80477396589455,133.34446480986867,190.3486025388684,947.9673898459927,83.49984602030396,443.3024796705913,40.502505106649195
numHidden 	5
numGenes 	48
minGene 	-165.0
maxGene 	165.0
popSize 	145
maxEvaluations 	60000
mutateRate 	0.03
mutateChange 	2.9E-4
seed 	1741599542449
random 	java.util.Random@48654d3d
neuralNetworkClass 	class coursework.EvolutionaryStrategy
Training Set Random
Fitness 0.004040022705687409