13.662736396267086,146.22477346818022,498.7323899653915,772.6912936907752,-941.468845185504,582.1602615403175,-77.38097360719752,-189.47231861172736,-60.78735138853619,190.66348777155224,23.478600628026772,-625.5513893932966,783.0842782416431,700.1401713996137,364.04952044598474,1015.2254154161731,-7291.207708765332,282.6226534380145,-69.17109505252803,-494.8753113632579,36.515596716838424,10.972427954487657,-75.19067224436867,-19.453708545450255,-47.726724572969495,-11.860242160216401,-123.26536667242794,0.977755452327605,9.749278729857686,-93.59464963583613,171.1459993623078,-253.45788349470132,1120.4738413032885,-66.87065238217247,88.73063617608364,-21.906825980804474,1610.7705447395315,-448.2065457420284,46.51894878302542,181.78990419704166,-1799.0162273704982,-116.90459188048133,490.8909981561857,-1007.7771269895387,-135.04502142646498,351.64081721797294,-628.060808265385,-13.38921571464136
numHidden 	5
numGenes 	48
minGene 	-165.0
maxGene 	165.0
popSize 	145
maxEvaluations 	60000
mutateRate 	0.03
mutateChange 	2.9E-4
seed 	1741598983587
random 	java.util.Random@47145d20
neuralNetworkClass 	class coursework.EvolutionaryStrategy
Training Set Random
Fitness 0.0032197622376602063