155.73022893504543,-1554.4663152987248,-67.2975843915668,-462.32372328642555,22.87189081891554,-175.68862965982652,16.41744758037684,-868.1147647856262,-112.87014946661662,-533.1385089925747,-2547.653877350367,-1643.3385967166917,-644.0309417229674,-1139.0566091415733,1.5134581053096885,158.88835311608818,12.962620397472982,-320.14369893741025,890.4430920592832,-941.3531722872531,-393.49259817364316,7.081946949003884,-3.540520065445662,187.41905281312373,-59.07203478635692,-465.84978580619867,9.625350462634747,-692.401075078574,-40.648035078161165,13.423151805770594,414.40344776931556,273.04490693651036,50.16698418330203,-835.3197689648207,363.4494696260681,35.64413907349928,124.60409735953172,147.8995866628726,-328.5334017632479,-127.23548312564537,446.12136857848475,-10.237795534560028,251.94134913141923,302.73697939382714,-1111.061820240062,-5.771551443822261,-50.23321918625651,-216.10435993113737
numHidden 	5
numGenes 	48
minGene 	-165.0
maxGene 	165.0
popSize 	145
maxEvaluations 	0
mutateRate 	0.03
mutateChange 	2.9E-4
seed 	1741603073333
random 	java.util.Random@72c370c4
neuralNetworkClass 	class coursework.EvolutionaryStrategy
Training Set Random
Fitness 0.00401394418805739