100.58676487275157,-2612.7984894925094,48.261840438122455,171.67513059424812,6.369191911935945,-12.713146552824654,275.20466963167075,-315.11100558052806,-785.3741776584146,195.14611971563144,146.97670215834867,1030.2295030964178,-28.670915669879207,-3312.343501570141,3.698188083602217,-15.247823261534798,-60.26625146800785,61.64584069804306,-742.6848891606296,334.8322331913732,-5.849949539708032,-27.981580299185566,-412.8955375684029,-908.8790905123927,21.04896997075136,0.4404080240794971,-65.73004373607648,-109.38998739517356,-92.44767179358414,-4.8242205879806415,246.80173211829126,-699.828326447484,-53.97450345946316,-51.236954183560655,-57.25193073829762,-136.1829374009886,39.19624672259348,36.027599968470625,-9.858227498304773,44.89571696830852,8.782776109504482,-6.257533777368824,-19.644536550176174,7.0023817804336534,1482.3770180326976,-94.56686959248522,-155.92082346156042,-57.18541494046121
numHidden 	5
numGenes 	48
minGene 	-35.0
maxGene 	35.0
popSize 	110
maxEvaluations 	40000
mutateRate 	0.03
mutateChange 	0.001
seed 	1741562622109
random 	java.util.Random@1f590a22
neuralNetworkClass 	class coursework.EvolutionaryStrategy
Training Set Random
Fitness 0.004123439613385825