1517.123836807473,1103.3075935444162,-508.59269779770693,-10.223246947736015,-2.539914737338904,160.59983661636338,200.6948986335813,115.06615890280729,-300.882553586083,180.50679045996682,148.24854479539772,2481.393774575895,-639.4769760929439,-0.4615441467218311,78.82368310872266,447.8688238184809,-47.507190451596166,-160.05053258175406,-543.8067001215131,342.3690165411306,107.4947547674279,19.395655160211767,39.52637026546217,-26.348561097102433,619.3181601930415,145.32792992558308,28.147775471763133,-0.9375146399205005,6.8577382664348745,-182.28096512801977,62.95230669177961,201.73947426649673,79.76522051082915,-35.08677484319183,-1247.790974578225,-13.920162255333128,-174.27212356767365,70.10486014229316,-10.39343965781508,-9.992349656317614,-34.85697739358792,-453.4894980568271,-51.97227040885302,26.840524717078893,9.987229747118754,-13.064977452092492,-4.512871367075441,-110.9290677055781
numHidden 	5
numGenes 	48
minGene 	-35.0
maxGene 	35.0
popSize 	110
maxEvaluations 	40000
mutateRate 	0.03
mutateChange 	0.001
seed 	1741561986536
random 	java.util.Random@20b522d0
neuralNetworkClass 	class coursework.GeneticAlgorithm
Training Set Random
Fitness 0.004430681979787554