534.3088458954476,-2528.0671060833383,-9989.733097847771,275.2428477101902,0.5410523876754914,-870.7334187682216,-541.8679833937451,115.2916587382789,-60.074423903632535,384.09386072816824,-85.0427288202787,-6998.651005539457,-3186.855238761441,348.42970166825586,28.863033352259137,340.93144382961475,-827.6281381119321,-2995.2329800217685,-38.69754872602428,629.6835124351929,147.71293839883037,51.42360395257848,-1339.1330046951553,41.798823777731016,25.334784386224786,-332.2487329223411,47.53747002370602,-424.14140821603075,-2.5184502489281266,-7.56135096344891,64.33073970288456,90.12056389509473,-96.9840577787115,-300.44497553944274,-137.53585864074083,-62.49819954821353,-232.2099362562172,-59.686590299809836,76.92069031731931,436.4807892031027,-743.5565915210452,-6.9339156172157175,51.3370995060653,-144.5212374279163,1174.4978900983242,-177.2684761635741,-351.81329592445405,-80.66471195611362
numHidden 	5
numGenes 	48
minGene 	-55.0
maxGene 	55.0
popSize 	115
maxEvaluations 	40000
mutateRate 	0.03
mutateChange 	0.0017
seed 	1741564384763
random 	java.util.Random@72c370c4
neuralNetworkClass 	class coursework.EvolutionaryStrategy
Training Set Random
Fitness 0.0047522945494854855