-566.9572157107823,300.15971946459763,-54.82219115330444,-70.72943341166395,-830.6248996962743,216.57768997109616,-5.914080751373904,-27.172723476421027,268.78026113666283,-565.7504876966756,-1067.6470765717384,341.2700511955687,-12.781270198131747,-40.82921191145164,25.037448212083138,-719.3934238985685,95.39369948662171,-854.1219707175894,414.8902354620642,-763.3926152476067,-186.617355468925,18.476151109124437,-77.02151788253931,0.28346884209103473,-1042.0574757154263,73.04098469075711,-4.457840728451342,76.41680784916852,-2.4128616080977596,-2327.931629846701,-110.8001497624404,-127.70439069610845,-35.92314826372224,1089.23092821688,-944.2025894750923,-94.8423912604064,-17.10861588695885,-170.03987371878395,-173.9493124213175,-203.10560252385105,-135.04316598156606,572.9750294266194,330.5255962965526,-176.81430002100427,-95.01038656877081,-303.1651319615535,-128.46511584953188,-224.87293839096003
numHidden 	5
numGenes 	48
minGene 	-165.0
maxGene 	165.0
popSize 	145
maxEvaluations 	60000
mutateRate 	0.03
mutateChange 	2.9E-4
seed 	1741598983587
random 	java.util.Random@47145d20
neuralNetworkClass 	class coursework.EvolutionaryStrategy
Training Set Random
Fitness 0.005047697001158915