-9.78877218245977,-4.681909399820278,-92.26943856150402,-6.942955480029026,-28.7686681105985,-12.819872169230258,15.182873507682588,-33.150759563314786,-48.07283061347629,-66.35165845198709,-0.7562585198038398,0.1254143872521595,-62.045350176442284,-7.4093593072471595,42.57784851714514,-425.65741263624307,27.924525008099234,-13.018925699068308,-65.94037985649945,-1.382611047325911,-5.0607825161406925,0.6830687677459797,-0.9474550830455389,-56.36697382835897,-25.10720216750446,-6.2511281748985175,-0.12540802634551088,-0.0014640936436588758,-186.73638258927716,12.988427769218811,-4.929613041784535,5.27844536870912,-0.5348754577390755,-4.1927034031032555,-4.072774650864677,54.554000372175096,-47.382631640965315,49.19402175050632,-1.0679752538311273,5.134813128422506,5.859903676740699,-2.8622537899281184,11.195369337289462,-3.985016416092039,-3.809954532408507,-17.92793458757386,-6.7645878620433315,-8.376226412748117
numHidden 	5
numGenes 	48
minGene 	-3.0
maxGene 	3.0
popSize 	120
maxEvaluations 	40000
mutateRate 	0.005
mutateChange 	0.05
seed 	1741386169888
random 	java.util.Random@16e3c8aa
neuralNetworkClass 	class coursework.EvolutionaryStrategy
Training Set Training
Fitness 0.0036346603493042874