172.85121640523892,-192.04567874850937,14.363046435012008,1349.5074215263724,210.9814390188772,-1128.3273708536765,-830.0622179521044,183.70896187381055,347.29801845040987,-44.37793158668664,24.213013746535864,224.71643281651214,-4.826593308221093,3114.5054975222747,306.15270837734164,968.8724540025144,358.90056140556806,338.05659797661514,-378.0728344452854,95.54997647575371,-948.3395551633799,11.416158875381512,20.81832552118434,-62.61000611570552,25.188759390314544,-228.9448065255204,-183.26509953380855,-4.726595576714411,31.24515352434912,-2.4674811982667344,-92.74557822340694,26.437529577989302,-4.503233939241654,-14.575672342735468,156.71287805125868,67.91224817909107,50.25777740251316,-55.65000998396846,527.6685216992461,-57.67284407862381,-547.686364230935,-11.848370268842153,321.4868865156329,-465.4739403049492,-42.51981107180681,-24.872517566012327,-122.16517042629228,34.07288125074607
numHidden 	5
numGenes 	48
minGene 	-65.0
maxGene 	65.0
popSize 	115
maxEvaluations 	50000
mutateRate 	0.03
mutateChange 	0.001
seed 	1741565459782
random 	java.util.Random@1f590a22
neuralNetworkClass 	class coursework.EvolutionaryStrategy
Training Set Random
Fitness 0.004194435137381433