530.1174518026659,245.163765510106,440.2745611695475,-15.43908655464054,-5.609091206127324,-21.14967184824274,277.17372386074044,-1091.912872552151,1197.2576599659515,310.2160052716427,748.2495836907704,458.2254405359695,7.993235907641008,234.40927681045338,-8.848862252801977,438.88316219603274,-60.615687914870236,-290.3371331814633,134.14446697215283,433.21227173146326,74.0565477624455,-9.029120455447233,205.18974377193098,34.54080129109685,7.633776061678445,-14.429187245110073,1.020947960141485,147.13161221294354,73.33863554177613,-4.930414027485125,631.5878955799226,21.24602732138223,93.48741624323152,255.37924479173742,-816.6748909010214,156.37184893142503,33.76502194951647,-10.783340730880745,-37.012132467402175,59.08399784687479,-150.80509900589,34.82416526891318,-1.0691974630747207,237.0447086544815,549.8996025473696,75.14984224716717,105.80777272121567,-10.945658001273944
numHidden 	5
numGenes 	48
minGene 	-165.0
maxGene 	165.0
popSize 	145
maxEvaluations 	60000
mutateRate 	0.03
mutateChange 	2.9E-4
seed 	1741598983587
random 	java.util.Random@47145d20
neuralNetworkClass 	class coursework.GeneticAlgorithm
Training Set Random
Fitness 0.003437222349629038