-136.7338324418066,-18.53484456227889,5984.824691520245,-172.80999370884427,-355.0373932470141,-381.6124786291923,-451.75135713626946,-737.2186231904523,-159.75094986156196,-51.737336190846634,-124.5690079497451,-20.196908531375637,-391.3571388250078,65.33573987786517,-374.54578529420456,-183.21506060857647,-737.1254594891938,-443.2553812410559,15.849979101060079,-122.49017241668561,-169.67911031227075,-26.080789929286738,-7.58369451401137,-64.46833585626979,-27.6251055547313,-178.95346005937313,8.930846931022247,1093.4553099004531,4789.99859859019,6.029366316728353,41.65671685060698,47.80507236789522,-57.1559457273217,89.06698957521955,-74.94961965410509,-494.0286334393754,-336.82642209331163,-20.43793388687794,-85.83919478803762,-111.02883585907593,-215.05477318884422,-93.58438577711311,-1076.0355494249714,505.00352619662743,-5.645304120971671,-369.46772235831116,-23.82806877784727,22.5513067684497
numHidden 	5
numGenes 	48
minGene 	-55.0
maxGene 	55.0
popSize 	115
maxEvaluations 	40000
mutateRate 	0.03015
mutateChange 	0.001
seed 	1741564815313
random 	java.util.Random@790d13a
neuralNetworkClass 	class coursework.EvolutionaryStrategy
Training Set Random
Fitness 0.003872780076343018