23.09088322003701,-19.227797389239115,-3.4456360428949564,-25.761165988731328,-175.5235456492847,-8.66623125287973,-14.00894420023961,67.90973389091684,6.330749581698225,-31.02950594095305,30.47830368667362,-164.07160030460267,-4.321264720894477,-5.705593819256957,-74.64615482091172,-5.26925731370453,-123.41960942738456,138.34950913567437,-336.026704291909,-2.5966236831450558,0.15501962640446282,55.257166433703674,6.6159715202062195,-15.496222248319997,-13.881186496720826,0.031921569311807896,-1.5108955306835332,-1.679836440593141,-171.50465288931392,-3.660868219674922,288.43017917372606,-617.6276105021981,-1.269337063631703,-11.459726962576333,-39.094654283371554,-20.782023329159596,-31.594397155648714,-27.65963628644949,100.57229791453933,-17.678812730328186,-17.691845150482884,-12.320060761574283,-18.400408435987963,2.8732164638768367,-3.9381388140374156,-103.27395885812305,-69.14019569191504,-13.748795582004128
numHidden 	5
numGenes 	48
minGene 	-3.0
maxGene 	3.0
popSize 	120
maxEvaluations 	40000
mutateRate 	0.005
mutateChange 	0.1
seed 	1741385386450
random 	java.util.Random@52e74401
neuralNetworkClass 	class coursework.GeneticAlgorithm
Training Set Training
Fitness 0.0038058945185834962