23.30056391348294,488.3500602392131,-223.66165280974002,693.1816163202645,403.6880720271761,319.10505258647436,27.50059770680344,-2598.9671398686355,26.263796955154568,-56.26222919573725,0.028109855266527872,-1467.0542073807842,-13.847154751711292,97.97014727308154,384.1107888224667,528.6091978450731,-1211.4045684545167,-846.5692965872413,-433.0471376984084,103.49888696413232,11.088152398461693,-758.3150521836402,10.441598736077223,-437.8946479570364,7.836331454718051,-5.562021005061337,-409.8606725184796,-387.6298452709171,-370.95984039138114,0.12117615973386442,15.350939372937038,-0.9441739418878483,1109.7444243880993,-11.609602031379781,107.7869096499725,111.58126018263843,52.44042857432488,22.749689525020678,-39.368308516991846,320.1899150051598,114.45924033341603,-73.29562833269003,553.8590199447685,-364.9234722548824,164.9585246121115,-131.66517623975218,-34.27596605504917,-28.429876785007718
numHidden 	5
numGenes 	48
minGene 	-35.0
maxGene 	35.0
popSize 	110
maxEvaluations 	40000
mutateRate 	0.03
mutateChange 	0.001
seed 	1741562949620
random 	java.util.Random@5b664f73
neuralNetworkClass 	class coursework.EvolutionaryStrategy
Training Set Random
Fitness 0.003754995846811513