135.2099484241731,-37.21656154276103,-288.51602296676646,21.861946683693983,-180.03618789736925,573.1852027965501,-33.49042052450396,-894.887712981802,-77.23275436763419,648.7730606488236,332.05574803641167,73.8965803200837,19.218966759637443,318.8895772986803,-113.20310677967947,70.65009917243431,326.89051233112235,278.61455443415616,72.04918613570042,300.230680835794,-201.7361865105807,442.9703013462686,-306.2517610408281,-334.0161694649357,-49.02991039265197,-10.403382567961218,-84.03589524941674,-367.9996425682938,-372.58021294689456,-29.589146241646397,17.785383976457286,-781.1727430706873,393.65766529816005,325.4022642214314,-223.83040782992265,277.43467469190017,-126.28954775859269,-331.30431954728135,613.6339906276233,158.7660034430359,-158.38251027173374,66.39015333045629,-486.2883758334261,67.35255599488926,552.568298528295,-543.7933740168808,-481.24810030825546,325.04875596837394
numHidden 	5
numGenes 	48
minGene 	-155.0
maxGene 	155.0
popSize 	70
maxEvaluations 	20000
mutateRate 	0.775
mutateChange 	0.5
seed 	1741673580248
random 	java.util.Random@31f2808f
neuralNetworkClass 	class coursework.ParticleSwarmOptimiser
Training Set Training
Fitness 0.013388829613763342