-79.96004328866778,184.09991091351057,-174.89999044487573,113.86152793511057,126.95786944253793,308.01145456756655,-297.74906013733784,130.37967324517953,80.52980446328733,-52.74422278723698,-96.3237050730089,72.95494909140939,-45.366594728513505,94.57027588613718,10.82240989915419,-356.4025358313837,13.146170631162155,-179.31897212937287,80.86057960925623,135.2842042408426,170.65515720206196,241.2745536904483,-174.0452876488903,-48.208859746810454,52.66653609872459,123.72320917570774,9.76595432357347,-1.7871472067995688,17.77485188075144,-64.02714669607339,1.33325052254894,53.132752098913485,117.69219359671752,116.76034854810305,-151.29177416759555,-148.21219354384095,-53.48960864654142,51.19695863386553,27.67477407900366,75.81268960295569,-162.31302903573916,21.895697323388905,22.164491565400162,44.937390975191136,14.321953391000928,-35.944484176797765,81.25027326670912,-85.32803426626548
numHidden 	5
numGenes 	48
minGene 	-155.0
maxGene 	155.0
popSize 	70
maxEvaluations 	20000
mutateRate 	0.5
mutateChange 	0.5
seed 	1741670779580
random 	java.util.Random@31fafee2
neuralNetworkClass 	class coursework.ParticleSwarmOptimiser
Training Set Training
Fitness 0.03030082333635319