228.5515280860157,144.37804412978755,216.49750768929013,-617.0391576365045,171.43314419022428,-444.95056991830444,-27.303171298355657,-84.93225187020174,-160.68426111194634,395.13086982767925,73.99524979381712,282.94642397151176,619.2324289609471,-743.092933336651,301.9547980177396,-366.655365506072,-309.64722386411836,-270.1989541671509,-237.87396450061135,287.682396858263,61.3954031121188,-1.395057214307652,-331.1522158453525,-203.50313301894045,-755.03253767655,54.81474548678791,-90.96484322698166,352.52260448713525,153.0294145893192,159.59724849045858,-404.71508184442087,-95.07335193706778,-364.73282136781296,-41.044929449197724,-372.8047401972956,-551.2842575652278,774.8052772698634,-176.17989847817125,26.058324105699512,-228.87190470700168,243.970256878906,14.027676666699056,147.47959310780456,-30.81954618679771,104.07676711102692,-410.0542730897012,132.91667413446436,-205.28734210659084
numHidden 	5
numGenes 	48
minGene 	-155.0
maxGene 	155.0
popSize 	70
maxEvaluations 	0
mutateRate 	0.775
mutateChange 	0.5
seed 	1741670022392
random 	java.util.Random@1b9806f6
neuralNetworkClass 	class coursework.ParticleSwarmOptimiser
Training Set Test
Fitness 0.07317811335879282