-724.7582192537415,-26.5799157623701,90.99424405479772,190.97950541898226,73.08688219150153,277.95815735801625,338.40382568415833,210.20169803242536,290.8980192746987,-361.48614581421924,-439.75838351506513,75.78731434415269,55.089251954689104,148.20418823574906,273.3184852108356,520.0698835389599,211.71883064423523,112.6127586781948,-479.8373383766682,177.3440021414291,298.5317330118221,-24.75729599613658,-131.49027883881965,97.0997290019459,207.52555674455203,-56.84890175611626,-10.382104335299037,-365.6132310085094,32.141704570972486,-28.0563432294488,-29.633268989522733,395.6547490462223,-184.04962194964435,-18.617602486166824,183.28980459120896,419.2276192160554,48.499529518808224,-88.5556657099618,205.83280126750478,-128.77522230607946,-62.39577161942784,53.93415458317757,228.2952874268503,-173.59151437094064,27.611746224105353,138.64295465522085,2.2782631839357625,-18.353586738627982
numHidden 	5
numGenes 	48
minGene 	-165.0
maxGene 	165.0
popSize 	165
maxEvaluations 	20000
mutateRate 	0.775
mutateChange 	0.05
seed 	1741679794526
random 	java.util.Random@1b9806f6
neuralNetworkClass 	class coursework.ParticleSwarmOptimiser
Training Set Random
Fitness 0.01180481321845717