893.1550349162682,-205.64539490282857,124.1927987353582,-31.435681652050345,134.9533364882959,-294.4286444487218,-65.32942913176673,354.3475743204121,470.2740092121448,-248.36516698353145,408.82081605051735,-261.0293897945713,156.90565015260105,-41.93848405263446,-85.12715521750272,488.18185101039256,242.97751879196122,-323.7774097313804,670.0322139890426,-54.912726372215296,184.7237046089662,-533.7984007474655,40.88552980993094,47.29873738324213,-254.3643696248403,-29.519412744205045,134.2317634337916,237.41218302027306,-12.664827403224534,-222.96020915339574,412.8432146793693,-176.13265479400062,135.6983666885671,4.005235815803963,-196.81919637587444,-41.014750847471966,26.59299213336648,10.438157503191047,17.753483377700977,138.46422808550722,390.4111694323237,459.49565487980055,-112.09389622115755,66.4811409664953,-73.33222432005563,94.60978652378,-84.93636810056121,409.2265656005167
numHidden 	5
numGenes 	48
minGene 	-155.0
maxGene 	155.0
popSize 	70
maxEvaluations 	20000
mutateRate 	0.775
mutateChange 	0.5
seed 	1741669380359
random 	java.util.Random@31f2808f
neuralNetworkClass 	class coursework.ParticleSwarmOptimiser
Training Set Training
Fitness 0.007323273986976419