228.19779647373605,354.36641499514064,-1145.693743858312,99.27344852045626,-158.06706107848694,-445.1793190354687,-95.79800058858703,-359.8338457606306,26.901751845714724,-252.31207257608096,132.74930083853258,-26.405896191831868,-234.05543286080646,95.39241987787737,-141.04696722197784,-226.70182323119877,541.1717074895264,-66.86266109390597,-52.46038392703285,-110.04643228548709,202.64731284408094,257.15780711757526,154.0379312943333,-48.169264791908724,-429.62368635168286,107.74034998550029,380.8541466166628,284.6627501003623,-5.581443424715402,179.36240659902725,-309.4749847114713,28.752496177232036,-494.90889471388516,171.7021601164331,407.85647161315535,28.816168318741237,34.59663505919021,-384.4497260106371,-31.25210318885042,-227.43903089103713,-677.5229981019877,-269.75245598779156,-58.278002298811074,-75.31840147910147,-97.95074624491359,1050.8692512328294,453.2593899437442,-157.9601834628466
numHidden 	5
numGenes 	48
minGene 	-165.0
maxGene 	165.0
popSize 	105
maxEvaluations 	0
mutateRate 	0.775
mutateChange 	0.05
seed 	1741679587363
random 	java.util.Random@25b5fb60
neuralNetworkClass 	class coursework.ParticleSwarmOptimiser
Training Set Training
Fitness 0.09999531614270189