528.2408939301131,152.88905424625852,-144.24840851479522,47.92096806135547,-48.640414707565895,95.889310021574,276.04369324191174,-177.80304164486148,321.76102382434175,-382.96721821767136,379.65469867471336,552.0925757732579,319.71927422895504,33.3932615977634,89.5751392391354,-84.43406827366228,146.42361827231684,523.451472152217,471.2989442402813,473.65657707462503,-8.485582985937707,-376.1759750628146,68.83850417250778,21.63533230706406,-111.38017977026406,-2.76490755272593,-304.6096786758545,-395.7578273508742,-7.645630002957708,-554.3966877069298,335.65883702318814,-322.0799428226343,-53.71772840613138,-261.4021672764169,89.51915341627667,146.81087991086468,367.805343628491,46.956361280166675,-189.55090383690796,77.31478020097634,19.190767238941902,871.9786077569182,193.45095663454097,-161.34918731915548,-275.91539572882425,-29.142266291311685,-33.918977986949486,262.7390364266194
numHidden 	5
numGenes 	48
minGene 	-155.0
maxGene 	155.0
popSize 	70
maxEvaluations 	20000
mutateRate 	0.775
mutateChange 	0.5
seed 	1741669380359
random 	java.util.Random@31f2808f
neuralNetworkClass 	class coursework.ParticleSwarmOptimiser
Training Set Training
Fitness 0.004851049097029726