-899.4778584431667,163.3868317780688,-369.3744930255629,-121.64421560599071,-280.9209813346862,120.13193023845564,-52.121534207578264,207.6355608833938,191.87549193967644,-127.79625718075741,231.86916066523418,-31.66394629860603,-126.89440492274893,21.06149610326679,-668.9361060939718,-186.22284618772758,-227.1301494695737,536.4439063465497,297.6449383544345,-127.18378981519827,-108.48133624711684,106.76560924845752,13.721669678200996,113.53993990305544,-40.92467372656556,121.0281729614384,319.9673768933067,-6.746418245800482,-431.40963259469396,-1.6888399823503875,-50.4021898794352,127.34677202673834,103.42506565018907,95.17215078790367,141.57875727827792,-55.231159588683155,-79.30918203702134,249.29063505070255,246.5916252566173,87.8833491619592,20.925127229119937,-84.60755553056899,-366.800281049051,475.85081495122506,-7.489698251901632,-397.64157132781304,-10.916828012902755,94.26737306320246
numHidden 	5
numGenes 	48
minGene 	-155.0
maxGene 	155.0
popSize 	70
maxEvaluations 	0
mutateRate 	0.775
mutateChange 	0.5
seed 	1741669705428
random 	java.util.Random@31fafee2
neuralNetworkClass 	class coursework.ParticleSwarmOptimiser
Training Set Training
Fitness 0.003954252273151234