-103.83442657662556,199.55841231283327,-470.3389987305186,333.16800913932923,-109.60138620160095,353.99035824280685,148.427088560224,112.83312308720502,-263.9430401683149,-293.48440079341225,-80.10219172312756,-49.44106424797533,1.972672214326474,514.627380935495,-214.45031377791426,-162.37513839446237,334.60888037224527,-116.02791383293768,-127.79602777315864,-724.0242110731908,-198.11859071403168,171.35592944865255,806.8929932458134,-7.5469099696420034,-38.629623297700554,41.9456596117251,-141.91267094665,216.16747859848817,5.856949230752958,7.958942468068158,-252.3187524901062,-324.16783155526923,696.0025602997763,58.132504370322316,-13.776008142768319,446.40595835325684,-28.774914552581677,28.066474564173,-84.28074518573447,106.2551419773923,-700.6710755598519,-0.3834711926402399,-470.7178357527285,35.6168363691669,-509.6841661569652,1.1717045520237934,-365.7959173500832,-123.72536323248198
numHidden 	5
numGenes 	48
minGene 	-155.0
maxGene 	155.0
popSize 	70
maxEvaluations 	0
mutateRate 	0.775
mutateChange 	0.5
seed 	1741669705428
random 	java.util.Random@31fafee2
neuralNetworkClass 	class coursework.ParticleSwarmOptimiser
Training Set Training
Fitness 0.004256134086021854