-18.58472371225426,-127.44264638629362,442.8045923265586,-502.46371569658567,109.28268781323187,-476.25835650840804,-24.83167477713766,135.72438673202456,-74.06548539544983,126.04265385243035,-13.31671862964382,-165.82177382191577,65.72489291450941,-37.009266107585965,-77.46549865502182,118.03311396932229,-262.05921103243924,76.34651547340194,523.4654647951473,270.13165931246544,615.0301792645469,-18.666157834024418,229.72892575261207,85.01146187502272,22.79851303356792,39.70291552867813,-5.314902407133821,494.513169622013,-18.62103237754544,469.85905657922643,153.32559960317332,318.0678994797242,-473.01076694124214,389.45057628214124,194.40450920777894,-211.39724215597056,454.18327304163756,87.17075224113513,-30.65631545015252,311.52960769205146,78.01094608793653,-158.3382824442922,616.2153475978649,301.42953737738793,253.49356671639347,293.8981033265273,136.31076328000447,-233.14578932540698
numHidden 	5
numGenes 	48
minGene 	-155.0
maxGene 	155.0
popSize 	70
maxEvaluations 	20000
mutateRate 	0.775
mutateChange 	0.5
seed 	1741673422625
random 	java.util.Random@3172f7a
neuralNetworkClass 	class coursework.ParticleSwarmOptimiser
Training Set Training
Fitness 0.1058297244126107