-21.71130445327417,115.84304269770473,-43.65616111402518,43.41861767010197,48.2402715436718,157.702680371166,-100.47288188025172,-174.9492115670665,93.75686288018758,99.72665814101161,102.93601005405444,23.826307335511366,-57.4450837630399,-227.18876717047283,6.097439327829667,66.47033935290605,-429.4256312349162,-55.32417688981643,-78.67075683365638,110.038322545049,-110.0022211405618,-78.2140084969307,2.508517875674648,29.896959541948746,-92.3066002367386,123.54884819843156,-37.26185449356235,-6.918997287604454,-193.95934791760658,26.341639351475436,110.8338285122458,91.13588239704887,15.522603235100474,-62.9207361172496,-91.53213993485842,23.1692866684724,-49.38822976368829,27.611440843014233,-27.204396703338794,-185.31719939976168,22.61619203129152,42.2032012742366,10.392899781219578,-96.67546183645555,152.23412512702373,-5.307119103306169,42.039447541481906,100.65470724600672
numHidden 	5
numGenes 	48
minGene 	-105.0
maxGene 	105.0
popSize 	50
maxEvaluations 	20000
mutateRate 	0.775
mutateChange 	0.5
seed 	1741668407847
random 	java.util.Random@74889041
neuralNetworkClass 	class coursework.ParticleSwarmOptimiser
Training Set Training
Fitness 0.07502811298848232