-66.53669381864304,-243.46541862134956,-27.153246893792993,54.30043348768333,20.459480252261848,-156.69271877133383,157.6072142261649,-329.8946038172376,-241.7232924361082,-415.6826213826412,-31.435427797441577,-470.4524415775737,-324.42768402275635,-190.89557635278433,-315.85361694464996,-322.9925960163384,136.655287495614,69.55377882026794,127.30077937068414,-382.95743760623253,-14.67813884110813,8.876577507338736,37.40299553242505,109.16370341159356,-59.435068300345534,4.318956839848105,-1.4217537311574406,-205.7845677583844,96.24081464126073,55.0925565999039,154.2791833542868,166.7979201840144,-219.19667588636187,-261.57933227454004,232.99309162898808,24.14054992079518,142.75985018062443,453.7370826076608,49.967243974169854,54.03140992105376,403.14469705666085,-330.3768540530285,-146.87074241094393,-122.56001626932503,87.58951614868555,-43.78745785977978,-116.34341060775334,355.52778280390925
numHidden 	5
numGenes 	48
minGene 	-155.0
maxGene 	155.0
popSize 	70
maxEvaluations 	0
mutateRate 	0.775
mutateChange 	0.5
seed 	1741669705428
random 	java.util.Random@31fafee2
neuralNetworkClass 	class coursework.ParticleSwarmOptimiser
Training Set Training
Fitness 0.0044859849776146595