-85.59856317221492,-134.04567903389483,262.66799252857675,105.02043652917106,-246.6890893027009,-23.266217116602736,-214.98171829314606,252.44961548590527,361.55897056062565,-79.69478539781147,129.7925560642361,-52.78210133027958,200.6935617452776,210.33796494783127,-331.9009331665818,85.35237868693922,100.89219060397245,-122.51816911145818,383.23567811876046,294.9492634113984,56.668805651548254,-238.59252707450867,133.24110301583377,20.394303108810217,21.822256699379423,-171.4059972995265,-282.9122439611602,174.66122396072436,-10.981798443978587,4.259530561652578,115.72711283716251,208.03833580735983,259.59351827131667,-46.541536605653214,43.148799062015655,97.01795976859006,-85.77070600181227,-132.31379451166177,222.17689986132427,15.71696553822392,-107.43729855500655,356.02897310284646,-359.2234490269396,667.6582049334638,-8.532476817991897,-10.539499655886623,-95.73549376213269,320.48902052584
numHidden 	5
numGenes 	48
minGene 	-155.0
maxGene 	155.0
popSize 	70
maxEvaluations 	20000
mutateRate 	0.775
mutateChange 	0.5
seed 	1741670022392
random 	java.util.Random@1b9806f6
neuralNetworkClass 	class coursework.ParticleSwarmOptimiser
Training Set Random
Fitness 0.005525782206434372