235.34115351252947,244.81886142553077,-79.93029315504856,-69.60577111772528,-319.16960079547124,137.45029314658652,356.6583603457006,-210.1254388393997,-153.98464686041544,23.437251297807443,-45.80494523246408,86.70699736763028,-422.3109283815496,554.0995412533302,-342.0840941671566,174.50905726568823,410.8820757818067,-94.98979280174213,-724.8698913992902,137.4718058499841,-272.14006592619546,22.404757352879592,473.19533483553124,-167.97524002350755,39.91623079407803,85.48751201285941,-5.909667907146153,350.98698805451136,194.5511360968851,-11.654635632900161,-108.98227280796945,298.1376846434625,-154.82122320532795,-92.58714725070334,-315.16423210433055,379.34935602508557,-296.6310417049809,175.89267454348018,-100.11323946792373,111.79681414631817,-384.2535546523199,-204.8732985371033,-420.9413269423924,606.8457237173819,-152.21524668029394,-318.42579316986826,238.9500133585821,23.599471292171803
numHidden 	5
numGenes 	48
minGene 	-155.0
maxGene 	155.0
popSize 	70
maxEvaluations 	20000
mutateRate 	0.775
mutateChange 	0.5
seed 	1741673580248
random 	java.util.Random@31f2808f
neuralNetworkClass 	class coursework.ParticleSwarmOptimiser
Training Set Training
Fitness 0.004499064393737793