133.81313429222388,210.37095734037598,27.862953420513648,221.137200552584,-421.62502478266254,505.9925944848521,-3.0690810434727194,81.86993406247656,260.8985078455805,390.8051685698872,144.90465661336475,91.868833577771,-85.27446885318763,150.96290545526114,-509.9984725781426,119.01046951001862,-232.75328528940696,-244.1167847282801,465.49593348881655,320.67712267902124,-196.9145025922507,-189.07444176348463,-275.2874561092499,28.21746060742142,-6.834836454681835,489.04780960456185,125.19548111638099,-204.4160506396834,-6.6438897347444765,-4.612704428394722,-123.03540803342533,16.218896167245287,374.52202740804034,-384.02392131639664,-310.07674251149626,14.484611562588496,-76.5907013200007,58.18854378295956,27.905912345628856,536.5764767134177,-301.00321546640834,289.8434426951583,-135.8083315562719,193.27969098636135,295.4992171572097,5.315708147033586,73.49843176546509,-229.18618235705497
numHidden 	5
numGenes 	48
minGene 	-155.0
maxGene 	155.0
popSize 	70
maxEvaluations 	20000
mutateRate 	0.775
mutateChange 	0.5
seed 	1741670022392
random 	java.util.Random@1b9806f6
neuralNetworkClass 	class coursework.ParticleSwarmOptimiser
Training Set Random
Fitness 0.004493605264339475