3.0097259789097848,-161.82180921923563,-83.4640580454971,221.07912164848227,43.46782787790177,573.1944065325926,194.57383390654928,254.11754279013653,-1.4045878955156539,-132.73337453257668,164.89090872389008,-129.51940134025577,93.96168294170874,442.1411000292552,482.7450925064032,641.3219374455809,-3.1015964275602386,-963.0903968275114,-86.25817061078502,39.82743887905354,-46.49299215333673,-258.63058456976006,-406.2908250544732,1.85085523956268,101.26847912026714,-6.186914499679736,-282.51796111569394,71.09630064351231,0.5486786402114241,119.91135155700502,-181.03113644709774,9.730317945279992,690.6904517134564,53.366899662978,250.63192670433034,24.892182193307796,-259.9861829704578,-200.3295040697896,44.57198280212742,701.5830430539779,-657.282972493509,-75.46429345263101,-228.75151670684937,251.3882470412776,-220.27208991028186,45.43443529186784,326.4736906914973,-128.6877062583458
numHidden 	5
numGenes 	48
minGene 	-165.0
maxGene 	165.0
popSize 	165
maxEvaluations 	20000
mutateRate 	0.775
mutateChange 	0.05
seed 	1741679794526
random 	java.util.Random@1b9806f6
neuralNetworkClass 	class coursework.ParticleSwarmOptimiser
Training Set Training
Fitness 0.004265903442468047