-488.26010749258694,74.58203993836653,130.89466759310113,-351.29027467193697,-38.69045046510805,18.103507654021392,367.9911862131104,243.72763772104355,22.611856467282763,112.23361841283415,-317.50112807027995,90.53254712726613,35.63972235441829,-40.10887749315811,-57.806213550868534,-118.83089504446019,-9.257294662025384,469.57586443871577,192.0480470895943,-59.913608635882085,-4.407589533236845,425.5229383107937,53.74344486373984,46.397535455616655,-507.2962319707297,-1.31352730298158,-461.5147655942205,-8.422315710743518,-158.46674052940412,-371.33763138759275,-200.0244399002956,438.38299693386824,-6.806752460126452,56.468659389327556,-397.0815928464693,53.48039447617668,-31.12825219870313,69.72604083233988,543.8174338918798,19.818065232366376,201.96797807071567,-16.621666130643426,116.30038908739083,-161.2377228419423,29.028322166024505,-16.325229010307517,-228.05608369773293,100.86065863291638
numHidden 	5
numGenes 	48
minGene 	-165.0
maxGene 	165.0
popSize 	165
maxEvaluations 	20000
mutateRate 	0.775
mutateChange 	0.05
seed 	1741679794526
random 	java.util.Random@1b9806f6
neuralNetworkClass 	class coursework.ParticleSwarmOptimiser
Training Set Random
Fitness 0.0071916491570407194