-64.74984742528673,680.1446956823601,132.98003567817398,178.665183456359,-69.59303661010557,836.4938103433486,-22.741322764485123,89.11610226608222,74.72471415855722,-306.01927681573636,-13.185689916945863,677.3571514591555,18.186739910475822,181.36763309265763,276.8717505030585,432.53607350320544,-36.48051023664507,85.99345344603073,-204.9258149608465,-264.0640489784366,-105.74236971817642,275.5763414818144,-201.294780518965,-48.371621284052004,96.09089304636777,-8.956375048527645,-63.880213456239325,196.03386130950793,2.4370100665840844,293.8173244347591,-180.1040972949497,-6.621940644302152,499.9440979025293,495.78665248948744,-50.34263956523287,-100.95638679780035,65.22981234804311,-279.18138656346923,-19.055676929239606,526.0694201051156,-592.3526081967457,-68.70504614355451,-54.70628413530739,346.14379820438734,476.8517086100246,-31.858085523333074,-162.3360888082718,-373.50479593633816
numHidden 	5
numGenes 	48
minGene 	-155.0
maxGene 	155.0
popSize 	70
maxEvaluations 	20000
mutateRate 	0.775
mutateChange 	0.5
seed 	1741669380359
random 	java.util.Random@31f2808f
neuralNetworkClass 	class coursework.ParticleSwarmOptimiser
Training Set Training
Fitness 0.004827934840856634