1.8456128699552323,235.7486206847804,-427.79755573221775,-34.65873178684253,229.1055574979759,513.3728453400438,-170.84107720406465,-454.0648286001807,250.67413213674718,263.5089516906729,301.51223603980407,382.12361202824417,-133.01847067958445,-13.929187651244343,-86.88929270644118,187.27745293644736,-69.71490766954001,-214.90436555064863,492.8109219654711,-134.85583839341624,-278.40326600305144,67.33408036316146,7.770227552986192,41.944811689885526,-6.2589272217761405,-325.5105976168777,0.7752259020766703,11.068532485005113,-9.01329060752592,72.83356906271042,0.10323209938185585,-123.60322799493134,-94.8363293728754,243.918463394767,154.0448718767335,-473.3252514808726,-79.46588112120236,665.5629699740977,-230.899915535194,297.27906639132215,47.03478182200678,357.77438453457705,78.01106311738948,52.12065792466058,-13.020783282518602,-96.71050480573342,-79.94979404662733,-32.25536663405434
numHidden 	5
numGenes 	48
minGene 	-155.0
maxGene 	155.0
popSize 	70
maxEvaluations 	20000
mutateRate 	0.775
mutateChange 	0.5
seed 	1741673580248
random 	java.util.Random@31f2808f
neuralNetworkClass 	class coursework.ParticleSwarmOptimiser
Training Set Training
Fitness 0.006329861287477904