175.79405221990646,-97.42379586476976,-64.41760015007307,-93.47920938839019,491.1786903660815,-23.78781953273927,-88.63572953318246,462.2851758231173,22.592124741999932,-94.10604385801015,-289.80875423713246,227.57132046645194,159.6726549313392,-290.7328498930303,-171.04401218806032,161.48738791449577,-691.3741237188707,276.46001369976835,225.8304777411364,-436.67020148148595,271.6796185276626,134.96545580824122,-202.30995600457177,-110.49948699210722,1.6883877909474307,594.4201584960072,-76.11591162192057,-90.43568652051225,116.38053966417583,-294.37027996512705,40.86729216000508,163.49683950044644,126.91701385865855,284.8811948234952,-80.26017178598562,-166.8592481403,22.54586416302942,-506.5048684053896,368.0998643665691,11.93081341318809,13.398732085063457,-77.16996218366236,185.45541782696677,117.30110163307093,23.68434565656871,119.99173664023817,192.2307348875254,233.084065092623
numHidden 	5
numGenes 	48
minGene 	-165.0
maxGene 	165.0
popSize 	105
maxEvaluations 	0
mutateRate 	0.775
mutateChange 	0.05
seed 	1741679587363
random 	java.util.Random@25b5fb60
neuralNetworkClass 	class coursework.ParticleSwarmOptimiser
Training Set Training
Fitness 0.0859564433668975