67.46383096850711,1013.5226835870695,120.81493293448797,112.42097333404271,6.738518994583426,433.6690198398459,87.15910694742462,-200.7954031487675,-253.88877348646156,-594.46784830172,43.829928272960856,489.132924342299,-239.3889541851452,-130.20854344289282,-47.81797655465118,931.047669689954,-326.2173005730129,-192.16277870533835,-690.5181661737208,-137.18882214983256,134.04532566289208,-83.9607593625658,846.3049212979922,-525.3006564875237,-21.227224385212725,-18.411644539417082,-2.3357555775044627,705.5578657460127,-460.06846675801415,-693.8861390048293,-132.35101625894686,159.0031096087675,1199.1160274641434,562.690382108538,-632.4083092926251,74.26226493167877,-629.2364391170456,457.31911335516077,-255.38856351825984,-138.65779614695364,-328.0084817254396,-368.6565759633071,-411.46965912502685,1013.5263774979314,212.1845644902491,53.69313516122824,-445.40416736091873,927.7655669661957
numHidden 	5
numGenes 	48
minGene 	-165.0
maxGene 	165.0
popSize 	165
maxEvaluations 	20000
mutateRate 	0.775
mutateChange 	0.05
seed 	1741679794526
random 	java.util.Random@1b9806f6
neuralNetworkClass 	class coursework.ParticleSwarmOptimiser
Training Set Random
Fitness 0.007688015310573248