-40.52681108338076,62.36819848596698,-117.22240034474088,-118.62472723148895,-450.8223263483344,363.84404188076036,194.0100339835324,-113.56575978108853,-37.237409056913904,33.67998968130418,-33.8526772328415,-188.32008567099015,271.5400814875637,123.60707793506187,-613.6172453598952,251.4345009581743,189.29062069266354,-134.21139477553345,-72.9940427760567,-161.22448447756435,-227.90158370817497,-571.2177224291686,-329.59475851746345,34.45219804744583,116.22291208845989,-7.074720471638681,121.53577857425118,-82.18105455802187,409.68515677630967,-69.5943829431997,119.28573446497438,87.56187896023198,606.9215430002085,-339.9130250706587,-267.04396395018756,41.936695180428664,-67.77121174154553,-225.81527432668818,205.93059895198687,118.7889779195386,-483.30362940506376,-141.0939541864499,37.71028700787904,369.02347913415906,-80.43949485325791,-254.48250144764003,82.97489298751553,183.01956879446786
numHidden 	5
numGenes 	48
minGene 	-155.0
maxGene 	155.0
popSize 	70
maxEvaluations 	20000
mutateRate 	0.775
mutateChange 	0.5
seed 	1741673580248
random 	java.util.Random@31f2808f
neuralNetworkClass 	class coursework.ParticleSwarmOptimiser
Training Set Training
Fitness 0.030593965788832275