-355.9512955689181,-8.075812778946283,19.474597717016607,-128.03649296887423,-117.83270461954955,112.14465724870198,-56.34523665001451,-299.77710737211544,148.5323725750298,-208.2064303326962,-489.83898753273274,-220.7501304303001,-33.77200525167694,-386.5924341863425,61.283575346541575,-144.0790216393335,245.6988584023686,-539.209456694988,-490.13526732645545,-74.15145256160181,-10.212184047643357,188.0724962695858,-25.333619116312207,13.810207031385817,99.33710560220824,0.9521749275807012,-234.68711710176723,7.072652431315549,354.0049739322687,49.32780188857106,-255.33889989114232,545.80311338455,-10.55569965607402,240.2616817773957,449.135905999072,128.5109629216739,-135.90131406968564,216.73629244485122,-462.4456460038767,-349.4648436256923,-89.50546665618408,7.281133754370636,170.1236564876604,-412.4886724337552,11.659312876119149,362.2659633153844,396.3817420580351,175.79086187337538
numHidden 	5
numGenes 	48
minGene 	-155.0
maxGene 	155.0
popSize 	70
maxEvaluations 	20000
mutateRate 	0.775
mutateChange 	0.5
seed 	1741673422625
random 	java.util.Random@3172f7a
neuralNetworkClass 	class coursework.ParticleSwarmOptimiser
Training Set Training
Fitness 0.003859541829622039