258.5696610555979,-172.1597202891854,-152.4803888951569,71.43149805412999,-267.0370248792824,73.3569976200226,601.9729167212398,-189.67321105927428,122.47654571259832,250.01816288866377,-689.9958789913138,57.5997798986682,0.5373526334695659,2.630809975627746,185.27674347335108,-7.000541937453775,504.12044756575597,-323.12041413115776,-288.71943043800167,251.46441721650731,226.77528143901083,-249.9361571025105,46.173529275032514,342.1702759548409,198.71512700798468,128.38656573309956,-120.64237113890782,-3.5359727655454884,365.6725343177366,-82.56811732111936,61.94488966267509,595.1441944799021,-328.6478625511682,138.9728943208564,283.3395807982409,259.3598150677089,252.82140803480675,575.3399310786892,-255.28215999693964,439.99872992789557,164.32176031792386,267.3366112548553,-89.8409256802281,-29.59154942540848,19.44887369219414,684.4366186403827,-301.0253183880241,-423.59635489484504
numHidden 	5
numGenes 	48
minGene 	-155.0
maxGene 	155.0
popSize 	70
maxEvaluations 	0
mutateRate 	0.775
mutateChange 	0.5
seed 	1741673580248
random 	java.util.Random@31f2808f
neuralNetworkClass 	class coursework.ParticleSwarmOptimiser
Training Set Training
Fitness 0.10148098936808272