-414.2211076873805,139.19525598750565,142.0304625192548,419.48955996757485,87.6335236260487,383.19686651045066,63.70471798559712,236.36667626846182,85.36123926396682,-145.55487989953048,-402.6163818356118,-435.8891163250492,-177.4250735077761,681.8124263710272,-41.34450570395167,966.2208100256098,-92.61597086477268,387.845143642043,-213.99101215948735,-197.5014896933399,47.027235970031654,-764.4019786833669,105.45378023722608,-14.366440620498775,-882.0130816640471,-7.404203815631241,-84.2710301857609,256.2637221984588,-7.696218705988976,270.88026820544036,166.6317597322369,-34.010962512393434,574.9801754049848,150.08767722977416,211.91581575437124,383.1115144071974,229.3230396100935,-249.43609848234465,144.6305913711895,633.9138248036195,-172.98878957356868,-12.80526489707162,336.44664294910865,-394.2892818159228,-29.650620091047283,-101.16576886923181,19.820003557213322,297.98540656622436
numHidden 	5
numGenes 	48
minGene 	-165.0
maxGene 	165.0
popSize 	105
maxEvaluations 	20000
mutateRate 	0.775
mutateChange 	0.05
seed 	1741679587363
random 	java.util.Random@25b5fb60
neuralNetworkClass 	class coursework.ParticleSwarmOptimiser
Training Set Test
Fitness 0.00518624080673041