-203.33325605226196,-30.013651590825717,-200.15052728878084,-360.4825572894995,-71.39347730806212,36.1361166033211,-46.91959238611187,-148.88649043770852,45.57063289723828,-398.4365518111429,-366.28583978592854,-446.16830470440675,-170.61451148886735,-157.927403049449,16.91462744611259,80.05227472412547,-706.2462040631312,-131.52592543800682,-312.37716716010743,-667.1541537569386,6.764877839018185,341.8425786166615,31.810508931863385,218.63719242292888,-33.475655950053415,-1.72147529399359,20.534576625411553,-436.90283604386207,-346.10321038833854,8.20103320907866,-302.78864535969905,455.8866037644656,19.532557920282404,17.53460288982086,44.28013731019909,-166.26729673387075,9.918298494074103,144.92005634213425,-167.30679574007192,288.4700905878612,176.4000181963067,91.50647850064377,-385.2821529648834,-262.164027544665,-475.9488852173729,-206.6217941842825,-139.60810007349568,-167.07314673583005
numHidden 	5
numGenes 	48
minGene 	-155.0
maxGene 	155.0
popSize 	70
maxEvaluations 	20000
mutateRate 	0.775
mutateChange 	0.5
seed 	1741673580248
random 	java.util.Random@31f2808f
neuralNetworkClass 	class coursework.ParticleSwarmOptimiser
Training Set Training
Fitness 0.003684335918018951