-35.52821429192389,-91.22016889611498,275.01312852970455,322.14951734040045,-153.50475341613142,901.9570499887627,249.5228152023149,172.62794544559327,-767.1176016390649,-253.21481713484906,91.46405895334767,-213.17837739443956,-110.83998780645089,-476.80630400501485,-781.1102149974174,253.76931003701944,-109.53667284699719,-250.47594653796153,-452.6911092761839,409.58373788369016,-828.9303042383398,17.14977722856563,-544.7963343388508,-281.1466124624202,-103.19871259112547,-22.190515379739686,261.1595946958746,44.814731907284504,56.59999250774216,596.5231262579358,-29.735341596391933,232.2819845537644,754.8385776489504,516.9605655166424,-578.2967688854292,387.4373193313613,-531.2878890504853,-832.4491399954943,-90.55686044364191,603.3115512831752,583.3428111877327,85.53620731917438,-203.3740677284498,198.6437970740577,-8.507126320345188,495.62981341305664,556.1450865202297,-350.5997039848347
numHidden 	5
numGenes 	48
minGene 	-155.0
maxGene 	155.0
popSize 	70
maxEvaluations 	20000
mutateRate 	0.775
mutateChange 	0.5
seed 	1741673422625
random 	java.util.Random@3172f7a
neuralNetworkClass 	class coursework.ParticleSwarmOptimiser
Training Set Training
Fitness 0.06609063495560451