-477.77138304665084,66.92817467712484,174.9348129544282,492.48674118650865,264.31925252928806,-244.279805104172,-91.33469945610389,294.8268758453544,227.1287189122368,-214.66002844131103,-218.8538216611589,-97.40779637174609,47.56672982071602,469.98085787293036,7.41216176799042,-235.28309397802758,-703.3098323975071,-22.455852967664384,306.3602188442168,-452.0217455504746,18.88994491790268,656.6379821080978,-48.76554588745706,81.99722483925028,-22.830774071324225,9.040618264610368,-145.34204308696175,185.24201462368188,-3.674754671291165,3.676713254276529,-581.5876786718754,15.925794730752322,231.12713584486875,-282.9282120084595,55.425144849272364,-136.14107831532334,2.4801410108132007,40.44589070033015,-13.525968692771801,163.22182503427226,-331.1154665535525,-4.4518829088075025,24.80352224834095,14.479302365413634,-565.4696168473579,-116.42101601927297,177.54086186266704,89.99426491134385
numHidden 	5
numGenes 	48
minGene 	-155.0
maxGene 	155.0
popSize 	70
maxEvaluations 	0
mutateRate 	0.775
mutateChange 	0.5
seed 	1741669380359
random 	java.util.Random@31f2808f
neuralNetworkClass 	class coursework.ParticleSwarmOptimiser
Training Set Test
Fitness 0.004854789125158707