288.1671846664632,52.26507172754337,93.58241500398134,794.5256820297922,176.99884573680427,23.63205567245252,-54.44132945224955,432.2533029220926,-938.4392214791671,56.80823750947344,234.97535425087767,-117.93089397255591,-6.279868003861007,519.6162181423898,-180.18881629023855,-51.26058412488443,125.07193239458458,780.511896440144,390.1862411137402,414.2663620871755,-25.70934491776247,119.46619211416858,67.44000068633947,-39.23855130080566,-3.321577669413154,-4.169284410445418,171.28790324660318,-14.130068459914005,-498.4852410550278,498.252007687573,1039.0208230736594,-808.2588576099284,-19.267213245524623,-186.98646065344855,-232.42532071781693,35.35466034970812,304.607267203698,438.64126653005985,763.0719048209372,136.30458979207052,300.48743917691706,-141.16330386224683,283.10985000278276,-204.2201262745456,-181.19778639958363,562.1351666602461,390.5310127331451,736.3673615949943
numHidden 	5
numGenes 	48
minGene 	-165.0
maxGene 	165.0
popSize 	105
maxEvaluations 	20000
mutateRate 	0.775
mutateChange 	0.5
seed 	1741674218609
random 	java.util.Random@31fafee2
neuralNetworkClass 	class coursework.ParticleSwarmOptimiser
Training Set Random
Fitness 0.007564260061752764