-432.7804138467339,-697.782029456852,-493.92086474774436,-96.42566145975304,323.36485583539724,203.24726759941518,-284.52493901166514,562.8062445674364,-350.3424460516182,335.4308314784183,-524.9850584954164,-704.8517833783674,-862.4472255617155,-34.11330622656756,861.6202870922591,-680.4047720946515,230.83424551959988,1118.6306305419382,-135.9957321854494,-38.60563226102942,389.8025834886175,237.30606868321792,-183.9273485242702,-244.56482760766923,-187.71081915166275,95.67117546545921,527.0943466896049,-3.087217942419241,-782.9152561452289,-6.018402969863078,13.624446272977403,378.8485366736948,-766.8588230819825,231.73968811187765,-154.4294577400778,-24.65065098405613,-540.5093673965974,227.29225070724743,419.2021183860546,-714.8923331165947,-20.126277939526304,-1024.7151379779002,457.42501078396685,-699.4145544793712,-83.6050999440958,-824.8627222666017,-254.75679382315755,-442.1097925108223
numHidden 	5
numGenes 	48
minGene 	-155.0
maxGene 	155.0
popSize 	70
maxEvaluations 	20000
mutateRate 	0.775
mutateChange 	0.5
seed 	1741670022392
random 	java.util.Random@1b9806f6
neuralNetworkClass 	class coursework.ParticleSwarmOptimiser
Training Set Training
Fitness 0.02237413070229516