-22.115294814873938,149.7970611534946,-174.2504081900493,-129.2948172402424,-565.3553748748482,194.22466228976887,4.205789052600292,137.69389220243664,-208.1764962020874,103.99477702564431,-1.6969317790062144,49.190887381371496,-41.57447656335997,114.94881681694979,-214.8008336336037,188.51201031535595,-25.08767358397609,-126.30571519440224,31.417814237830285,-390.0868545101801,-83.53271808619809,-16.87711146294383,-145.0941456663906,9.769426027201485,-56.105051574564875,5.061912313822424,-318.3915206922567,12.789195159379776,-97.082498411585,-111.78060045433197,371.0426392324177,228.32665810784198,323.4877088257902,30.452954767129885,-226.35618473916426,-38.14784469598059,35.20656381695535,-1.5711982451229414,-8.521422184532677,-76.6723998966851,54.82382679741161,93.26811011934424,-191.38713335533618,176.23113811873853,-115.6523675206126,284.45178274704665,30.32465940821353,-247.7886093484545
numHidden 	5
numGenes 	48
minGene 	-155.0
maxGene 	155.0
popSize 	70
maxEvaluations 	20000
mutateRate 	0.775
mutateChange 	0.5
seed 	1741669705428
random 	java.util.Random@31fafee2
neuralNetworkClass 	class coursework.ParticleSwarmOptimiser
Training Set Training
Fitness 0.03344518533701693