176.1738768391866,330.2175863958264,224.1261276836913,-197.79079805074673,377.34030763879764,623.4230541604228,-1017.8496054724395,-381.96710783276154,89.2969180181805,-161.6012097477042,71.1428361202099,547.7684272273416,-62.9965821545444,-227.61431583486515,245.03979791771596,178.13870824162555,-146.9255947144615,-101.13173707983833,-656.6613936188696,43.72318459782913,-105.11024149744135,204.77830716854814,-194.96460763139441,-314.5899534396289,225.62518250682274,-6.052869864311923,11.887976746775726,-240.67550949823132,39.697807149482756,-334.5029677941083,-395.80827161321736,-303.3851946851771,110.59717428449923,23.275200041332035,-201.2101024301637,-505.06970231006915,-174.83652149759598,259.992306108774,-20.662128131940108,-1044.9616232752717,-45.15291548033726,-370.5040137039976,-290.083180242693,-175.44641987879822,-92.86318561267146,-203.7452007703338,159.04161779538205,-138.86731692278963
numHidden 	5
numGenes 	48
minGene 	-155.0
maxGene 	155.0
popSize 	70
maxEvaluations 	20000
mutateRate 	0.775
mutateChange 	0.5
seed 	1741669705428
random 	java.util.Random@31fafee2
neuralNetworkClass 	class coursework.ParticleSwarmOptimiser
Training Set Training
Fitness 0.004892264331752524