51.19458572390015,469.15076328208164,-286.3609204296185,-121.74662996489442,-535.606286021939,756.8834942255052,389.11627841342005,106.4393768373666,-97.95842675484977,-102.83677937346275,-164.25863412043455,580.7473720472819,7.295968744225115,-201.9435717148163,442.72720985980646,786.4124594782229,-130.52668492714665,195.33689709505597,-185.66718293647986,5.30304762618945,-43.799971080896015,-202.68118461205026,-182.1598560878597,246.68896554597535,605.5427058947672,-11.468373879504387,19.420203582467025,449.2584512624871,346.46203791248075,-144.48741095640128,-624.2140684097469,230.25396795329755,990.100696448542,423.6585416204294,-736.9732955469963,-81.2783966242108,-374.9946074985741,-135.53499015967822,-192.08232125603288,77.40802980214099,-380.73658688761634,-429.0825641274391,20.543402092933842,252.57075926174988,465.5075980825735,-109.04928068317776,322.3166160395694,281.48919192158036
numHidden 	5
numGenes 	48
minGene 	-155.0
maxGene 	155.0
popSize 	70
maxEvaluations 	20000
mutateRate 	0.775
mutateChange 	0.5
seed 	1741670932813
random 	java.util.Random@31fafee2
neuralNetworkClass 	class coursework.ParticleSwarmOptimiser
Training Set Training
Fitness 0.008271355389905364