-120.96874464556997,-0.850411360598045,-133.17560908400426,-12.725036001075182,-457.6556953399394,22.01158551704117,-470.5378972541695,245.49731968277013,9.626727958190756,132.34550778897668,-279.386352116627,0.12521563937051639,-599.0345192945172,-333.58305667292717,-513.6255670076824,397.99109843901294,-810.7116042582282,189.3868161860392,5.299006883647905,136.71023778028746,45.32737279662978,-30.20255092171265,-169.64923943801622,171.08755536752324,-5.442220866041936,-19.252411332524513,10.147106407021434,411.9426875929635,-432.2199930346006,1.4329555742208875,157.44475163364166,854.7954321670583,-75.0811364731134,125.42551866277556,247.61737378100457,-787.2491734807985,-325.3906974799503,113.43551892487625,507.18566237630955,-296.4109637310786,234.35087678869624,78.70048406745461,-542.6291094673494,-91.23020654855372,112.20438753766967,167.6196705618823,118.74885281565544,-259.0242741739417
numHidden 	5
numGenes 	48
minGene 	-165.0
maxGene 	165.0
popSize 	105
maxEvaluations 	20000
mutateRate 	0.775
mutateChange 	0.05
seed 	1741674352428
random 	java.util.Random@31aad216
neuralNetworkClass 	class coursework.ParticleSwarmOptimiser
Training Set Training
Fitness 0.0029777651447200496