97.64487144335794,420.63921410627415,-199.43391976391544,-194.86288877778765,338.51823608519595,265.34277036018375,-52.554210665673814,-5.038649101828508,61.63746274465025,87.00190469616496,8.550532098359296,425.31030334139916,126.40187071904475,-234.85364087991343,47.655448306016716,705.2218292754981,-0.86587120021506,-72.00664179803363,289.9203463505441,472.9600820456261,80.13514911350607,11.624174471472488,90.93504738889877,98.96765873647148,158.3155634762264,-11.508049092781885,-4.486809650403058,68.21346519033811,-15.41944015207496,259.97512424566116,31.67439216178954,-182.05091953905196,871.1166619462841,625.9935221044677,-201.0145167556438,-87.37365618302269,229.4711159012657,-400.8245421277323,33.425735486943395,-83.57178577571453,270.57394055661047,20.730237981648152,-41.78181157268447,57.81304686957868,488.00792806049475,50.342384144599215,-231.40479716566605,-22.528074280314883
numHidden 	5
numGenes 	48
minGene 	-155.0
maxGene 	155.0
popSize 	70
maxEvaluations 	20000
mutateRate 	0.775
mutateChange 	0.5
seed 	1741669380359
random 	java.util.Random@31f2808f
neuralNetworkClass 	class coursework.ParticleSwarmOptimiser
Training Set Training
Fitness 0.005894454069908513