37.59915726252536,-299.73684554153397,170.1397702062694,210.30965200807907,15.960337772079585,415.1813517287502,-334.18451833767233,-104.67756465216583,-57.85023553752526,68.68665733370172,-129.06593039079843,175.17039570932894,-266.77497081286737,479.95902511232634,211.70887314102197,677.6440553427245,-262.22293526072383,-355.2450066027094,-24.45811792133304,709.3595214794424,54.0517917993791,-131.58602577137947,-43.71088158529502,5.407401913636871,-32.94832597461019,-12.263633998151644,-286.1866014845496,-156.4903384131487,3.4485308460268276,-171.2476458181577,35.48339518259101,24.946249934879184,317.7953785228201,184.56571805626376,89.57508482789402,-258.45399948255323,84.11758146401556,-14.654097603165809,-132.68977769172446,420.0114536755247,-245.43640333183575,223.1146052224472,-59.44699059859686,-84.36335615036775,197.2530303979204,-74.57726265817678,-89.29646531891989,-146.39733524806033
numHidden 	5
numGenes 	48
minGene 	-155.0
maxGene 	155.0
popSize 	70
maxEvaluations 	20000
mutateRate 	0.775
mutateChange 	0.5
seed 	1741670022392
random 	java.util.Random@1b9806f6
neuralNetworkClass 	class coursework.ParticleSwarmOptimiser
Training Set Random
Fitness 0.005377272492454727