286.14904656292566,506.3996999772654,-126.97307806896363,-108.63344483129667,186.60873385083664,-279.2599264711493,342.0587948954929,420.71263157239144,86.69003266505183,335.06256523856433,879.887988310187,721.3661835645817,14.706731395398489,-413.4219965470318,13.038245801209811,-590.4701810182559,-35.02817830030485,628.1833817591995,-168.1523597993653,292.18777274625864,126.16900394573508,-10.253328068838101,24.21582254952155,448.35575863389397,-54.88013820885024,-121.26732980284011,-3.0958325532628064,-8.063188196239137,433.13710123231914,-226.1766890249255,160.5567428927367,237.11431217971273,-57.18913247790461,592.5689072610433,-918.6240912610807,35.871244107428055,-804.6561394599107,333.88795864220185,487.11559775346876,-574.2833717597777,-511.1152573165037,-11.66739243836574,577.9694738267532,146.2049913041692,53.518131610274864,263.78137111165086,606.6769187292563,88.56759975226078
numHidden 	5
numGenes 	48
minGene 	-165.0
maxGene 	165.0
popSize 	105
maxEvaluations 	20000
mutateRate 	0.775
mutateChange 	0.5
seed 	1741674218609
random 	java.util.Random@31fafee2
neuralNetworkClass 	class coursework.ParticleSwarmOptimiser
Training Set Training
Fitness 0.004007264735286106