-158.52566037354,356.7014660544842,-229.05137171439546,-152.34241375876877,348.06398233932345,346.66211150347044,556.4140302220344,-112.69642751090186,96.00741796804459,161.27211877624347,2.7108460531231744,249.89173353821405,-122.51494613903401,-121.37559939566547,273.00139219395976,133.53308212762275,466.6640961179623,-190.19603454502834,194.08721856764666,-125.94102583130909,52.200957338081444,22.83018709694294,-455.2456358103944,184.4474050113677,-3.1089149782105197,-192.25330640973647,-11.183040625841677,338.2967996380757,-223.14182337721502,-3.08131767705301,-188.57967385283197,82.31081267589377,162.28357682678646,142.77134146380342,137.63830819839302,378.6819350940939,-688.0363508167073,185.4194515062987,317.3096550069168,37.199284653800724,374.03325499825735,142.55741078708064,487.0085140473465,-440.76333955060596,17.994989396706305,174.82275466152524,9.207900182102986,113.47153343183787
numHidden 	5
numGenes 	48
minGene 	-155.0
maxGene 	155.0
popSize 	70
maxEvaluations 	20000
mutateRate 	0.775
mutateChange 	0.5
seed 	1741673580248
random 	java.util.Random@31f2808f
neuralNetworkClass 	class coursework.ParticleSwarmOptimiser
Training Set Training
Fitness 0.004771348502816915