230.38320117086062,-103.22979477335879,-50.20341184703493,-167.54841687323824,-8.21849448794737,-205.66966087031193,-1.3323529433205668,216.44581242139762,-38.4241249417323,-107.39070121156571,36.43698026279857,78.46737533594128,13.766207851523951,-310.06382940469206,162.4181102789825,70.40560707631522,322.65392267265565,399.7357730213954,43.524541441497696,-256.54704198543953,-184.7573288390784,-22.515681176721053,14.248764922521788,1.3158099487460544,123.82755286043427,404.4775651513925,-37.269964934503406,-4.3375088633548975,3.2024975728217733,277.0467727283729,-16.484189373728235,39.5835084575929,99.57431575090462,-115.64481822426097,-109.11975542676569,-17.892237750319367,15.200068371455986,-10.892464441073013,335.3165593205229,-153.96133000970266,267.91471647545063,-42.49187246681887,-204.66641088121025,-138.7328242909683,-305.2020812621885,20.804337798066513,-82.86762014889429,49.64493497819957
numHidden 	5
numGenes 	48
minGene 	-165.0
maxGene 	165.0
popSize 	105
maxEvaluations 	20000
mutateRate 	0.775
mutateChange 	0.05
seed 	1741679587363
random 	java.util.Random@25b5fb60
neuralNetworkClass 	class coursework.ParticleSwarmOptimiser
Training Set Training
Fitness 0.003478665211786502