5.2925499735246255,630.4453299239096,108.12152255389861,537.4550141087976,10.109941836375825,316.3685449090292,-158.83056507609086,165.74961079473482,3.85494783649167,-74.47660558864263,18.01196399631351,220.49667946910776,356.07298924143606,411.30237149977745,-58.43303387599368,560.3105440006672,301.40781683166887,-173.12900931938353,-70.02140691692607,-112.95135902699246,55.5502466037866,-11.488914526583313,-8.630160323662109,-25.388327062528973,-338.1588122009552,-8.873333688809138,-88.64463273236535,16.335203684223835,0.7709089786215225,116.17662735661393,159.97725614438383,10.840105614330634,627.6888619024787,131.6855243076293,-257.3366648854254,176.6078792704441,-17.896953460828207,-580.0032482530305,-5.414410774094563,436.67155948775206,77.73459218682832,140.54823538251728,55.763474392569016,6.921709429096117,13.860001296325745,92.01173316005774,-173.95638892637777,-133.6209856875906
numHidden 	5
numGenes 	48
minGene 	-155.0
maxGene 	155.0
popSize 	70
maxEvaluations 	20000
mutateRate 	0.775
mutateChange 	0.5
seed 	1741670022392
random 	java.util.Random@1b9806f6
neuralNetworkClass 	class coursework.ParticleSwarmOptimiser
Training Set Random
Fitness 0.0059967201415874315