210.60070247871823,-248.17394128128737,-324.0631820174501,-360.8085074100508,-64.47395925520132,-203.14321862007282,288.5692340445471,529.8695185751455,-304.3368176284658,-28.36889831192051,134.664307003606,62.96239362943877,331.7974190302589,-334.1916840019218,-345.7217552860074,-428.6216334434934,143.6003082046365,599.3450285019209,113.77121703712739,-282.54843267713727,-21.33209391132499,-13.815979880489662,554.52024804349,26.223684842758427,-189.49497417343966,3.9409026364679027,-78.71818397289128,-500.2555046146033,2.0170682459874634,8.261761109478647,299.85664807973563,-574.5027724669734,-684.0930191968525,-34.42071310524366,210.16636034106895,39.285849489805834,281.5690591818064,162.82166284726046,199.0718454643259,-233.8448475238557,212.64273958024089,-407.8888804228729,-16.847312227581213,-13.543477925574031,-203.43208021473905,66.93352839572971,-274.14262141860223,141.91772327096484
numHidden 	5
numGenes 	48
minGene 	-165.0
maxGene 	165.0
popSize 	165
maxEvaluations 	20000
mutateRate 	0.775
mutateChange 	0.05
seed 	1741679794526
random 	java.util.Random@1b9806f6
neuralNetworkClass 	class coursework.ParticleSwarmOptimiser
Training Set Random
Fitness 0.006013542306470862