0.23619061314986028,189.59154630630076,-121.52965033454302,83.02293820476052,-196.81668745167616,314.0378251219735,320.81598781661467,-5.9953093145034755,-68.41241227059257,-179.66729813778989,-88.83397908592475,-176.94163533267994,-164.65888011242976,-554.3508699625784,-395.66533060093434,500.8189194171282,-164.30234358077846,-89.39900784242491,-235.93447119564237,407.04825889876173,17.948177861573367,345.12544183110435,1.4957034223555514,357.41466825697665,-193.57294282994337,-6.024067405858154,25.642500373088918,-0.18603062594336933,135.59286642350412,16.757674848711783,-44.9173394414842,-168.9502721947722,286.50960806871234,-23.362277965427438,-170.4243877471188,-39.516379725537185,-190.13478244635584,338.0947050085142,-66.18428283124918,-206.03474183992085,-27.18366876662226,184.45769511517994,-326.7325806537186,-80.59926538211293,138.13429439517915,-220.26413725293168,93.87918205353445,-225.623626171988
numHidden 	5
numGenes 	48
minGene 	-155.0
maxGene 	155.0
popSize 	70
maxEvaluations 	20000
mutateRate 	0.775
mutateChange 	0.5
seed 	1741670932813
random 	java.util.Random@31fafee2
neuralNetworkClass 	class coursework.ParticleSwarmOptimiser
Training Set Training
Fitness 0.0032471245146346796