111.70161941023932,27.25577932834058,-70.5124643263501,431.8248178951537,246.8064417422042,-77.01287590856421,-17.797034595959616,-253.6168888263502,148.31584769575818,-168.41548731644002,-196.35328864006453,-115.08168661502869,-69.86217486461187,237.0818342068489,-72.4815624607937,143.72104261826397,74.35042154759023,-328.4831417053252,-31.161527181319336,-37.51141786329628,101.39479199560095,197.86835049567577,1.6137247771568866,-33.36433365331015,354.5000067237409,146.40331410710428,-33.25990986485983,4.746475794828787,-1.0661357682880335,-124.05671812999269,-79.24846593000359,-323.87473546221383,-41.57106119543042,-114.88955742783614,133.12807766825384,-26.084222840746037,56.8939466251247,-38.19831835141899,-349.4563448088335,429.97190345894904,-359.14870167243254,25.975078181069975,292.5906729830113,-27.994746490555336,-33.137844639812705,-155.57825360075205,86.02608846206117,-50.723631772842424
numHidden 	5
numGenes 	48
minGene 	-165.0
maxGene 	165.0
popSize 	165
maxEvaluations 	20000
mutateRate 	0.775
mutateChange 	0.05
seed 	1741679794526
random 	java.util.Random@1b9806f6
neuralNetworkClass 	class coursework.ParticleSwarmOptimiser
Training Set Random
Fitness 0.006044627822008056