339.79925148595134,-805.410529055249,125.34727946956068,158.8280859757911,624.0913412087367,136.5456310257815,211.3804138424674,575.5915073114139,-428.4338067388329,1132.2303948907322,-311.98467979397464,-855.5547658410823,-176.25586428961367,42.3923448354373,-1224.2148665360878,433.603361878956,218.33848301712098,972.3105108372898,-31.506140254849473,-33.46622448412249,11.84690721487988,-1.1533431718482667,82.49498998070295,-49.37659481148579,-623.6380082136807,-133.29779921794415,2.367743117164633,-17.97133782559328,764.2345330985136,106.9604781775817,336.86841969908073,101.81049759965357,-53.996610720772516,-1125.7948852326897,190.99796781443612,10.594993775646916,399.1180127322783,737.0021788386817,376.7152001837341,-267.58456682480994,103.18500290243426,-74.62157591584972,-117.89481237971486,-169.4363175868871,138.11710165096818,493.4947002374893,-63.114681714154216,210.0349338683323
numHidden 	5
numGenes 	48
minGene 	-155.0
maxGene 	155.0
popSize 	70
maxEvaluations 	20000
mutateRate 	0.775
mutateChange 	0.5
seed 	1741669380359
random 	java.util.Random@31f2808f
neuralNetworkClass 	class coursework.ParticleSwarmOptimiser
Training Set Training
Fitness 0.0056139390572541486