-287.7756889083481,-231.7749263021437,-175.6871088735566,-489.5400600712892,265.40104316933565,-233.8885344372727,78.05487103160152,385.21186635366104,138.21244738771517,-353.42812698287946,-68.63214250321043,-30.68718540519124,-305.6042052239048,-638.1088919372015,-278.4640691070716,-483.3186563432234,-333.39826399543085,347.4248782900218,-442.2734848315674,-128.65887136554312,-76.60204783274484,-635.7444613650391,16.37965202055734,-40.342312592628645,160.20481302218013,119.14064772506073,-226.3696555386476,-8.880547765559733,-2.607432060469713,234.25253749270354,-419.08277424131376,-201.6492074123487,-215.27139445475646,-4.130069126197638,443.254960287928,14.630245740813471,-59.18313541433558,-48.1820452703213,234.5518722765745,-376.09742671097496,619.4215624401146,-56.067300434852335,6.8187842536919545,29.68588358586177,28.942617813557874,192.92182206020718,52.857330200866436,124.164736104704
numHidden 	5
numGenes 	48
minGene 	-155.0
maxGene 	155.0
popSize 	70
maxEvaluations 	20000
mutateRate 	0.775
mutateChange 	0.5
seed 	1741670022392
random 	java.util.Random@1b9806f6
neuralNetworkClass 	class coursework.ParticleSwarmOptimiser
Training Set Random
Fitness 0.005045874101117518