167.99184456815857,-133.1870919564659,-211.60981224766945,-196.79916466006037,195.32437611813162,183.10371629825903,266.4212861341753,-0.20694765545672678,-248.26071144752774,28.78232324284344,91.20978877110669,15.400380673916018,-280.52279988291446,-526.3397848345884,-32.453947602112905,179.13638122645105,437.3937055825422,97.36683213103585,-10.17446045070319,137.77412714985147,-256.0935021803921,60.806240140411866,56.39578861016031,31.988254376222486,9.230324203108562,-139.63221602180025,-10.98704515148845,-2.171217111855068,0.4893476909760117,-188.36294872157237,-4.164666011191145,-64.76892545669732,-2.250540399339304,-55.89465804267356,178.4202190379112,368.6099432317664,-420.6045689225742,40.601585111083466,-102.67381962532208,165.0309964121451,241.90049226117992,-87.87328629641347,397.1543325924568,126.98397937463814,65.92976641342572,398.4740738335779,-17.49314915622812,28.96168890491454
numHidden 	5
numGenes 	48
minGene 	-165.0
maxGene 	165.0
popSize 	165
maxEvaluations 	20000
mutateRate 	0.775
mutateChange 	0.05
seed 	1741679794526
random 	java.util.Random@1b9806f6
neuralNetworkClass 	class coursework.ParticleSwarmOptimiser
Training Set Random
Fitness 0.008333105253612246