247.4906230871655,19.209014028497723,-541.5826653698037,-204.47963510478147,561.3434724372087,225.43616062467228,135.24703335144704,4.959025005181862,-280.2570553938271,111.77999037180399,232.38374216771825,-429.59744837624453,-727.001907247146,-56.13408033613475,236.1557676601959,547.922788516359,100.56105615851489,-223.63893093587458,-26.83778284539286,130.60404149362432,-28.72121936716749,-108.44557923956155,186.40578385044086,207.22520670319238,-5.790365971279234,-0.9741052722888487,-36.110473007583785,-13.304261659981169,395.33556900093805,-14.79703569688774,-24.6293633170553,61.79155255016078,216.2680457658394,-15.98190920721227,264.70536333201596,299.10913384094846,-380.54042261763664,450.65903519246024,32.43357201127601,-115.6526461018916,192.26027187829447,129.21364295447557,204.197138004393,-208.5511156617319,-18.234710178305306,-93.82737060315489,47.50436751258994,109.66946974161952
numHidden 	5
numGenes 	48
minGene 	-155.0
maxGene 	155.0
popSize 	70
maxEvaluations 	20000
mutateRate 	0.775
mutateChange 	0.5
seed 	1741673580248
random 	java.util.Random@31f2808f
neuralNetworkClass 	class coursework.ParticleSwarmOptimiser
Training Set Training
Fitness 0.008391567403339812