172.45699097702803,448.00110344785355,-358.8106557474269,-272.8906984141724,108.07470768113983,274.7939436580216,248.58368165513028,252.12948805395442,229.32817919706642,-359.28751199802014,127.54820219251987,570.0471879940351,362.44730643824477,-551.8542980960328,-261.6843024105756,689.7007045295228,-52.63536590736011,-530.318936726018,-15.839766653068342,197.6081452604685,97.16967207532521,-94.05064345996438,21.173179721839386,9.839680915376633,337.7115168873063,-12.113098004568018,-300.96351434172703,-100.17325730890944,-6.516795483158443,-107.124455615631,450.1983332479344,-592.8205133754767,439.42942556090316,139.80066937643727,-107.62831387210116,-184.97623287459905,9.143631282082124,143.4823482734626,-83.38645873285134,-797.610575071811,1150.7444057727666,180.1398986139012,272.85404827507256,220.4955337312071,30.629852784204708,-256.81729799115385,-246.50392151430128,116.48113934955992
numHidden 	5
numGenes 	48
minGene 	-165.0
maxGene 	165.0
popSize 	165
maxEvaluations 	20000
mutateRate 	0.775
mutateChange 	0.05
seed 	1741679794526
random 	java.util.Random@1b9806f6
neuralNetworkClass 	class coursework.ParticleSwarmOptimiser
Training Set Random
Fitness 0.007654610006476193