188.22312646149646,208.35138018692385,0.30078878732587255,375.19948062767605,221.68628195531778,209.5011177930962,-116.37165837767711,-322.68178580059794,-16.016619400543803,-235.63414221538127,-23.55951244075589,-56.887279317400015,8.603883656897692,91.70760472027395,-31.09394060315475,173.42844753732703,-23.63876549582581,-447.9904919977424,216.0876608680699,-177.43301460206467,25.828903857599943,8.912273725724662,-39.682252823033835,143.8888549045532,-77.1194422267122,-249.56065076377655,139.26550518421024,8.194079827182348,-34.44113266131301,332.51803413548765,320.03510592983116,111.38935178483851,-22.630505606073474,134.41556196357107,-51.032832199730905,-175.0509163643291,-43.04210119019647,180.8596497169326,-209.76187244153417,139.88106694185495,-34.3135573944035,-4.165698407338064,90.92185073787464,-62.24641618808206,209.24807561067752,140.43270659926944,74.82181933907532,-239.83416809828864
numHidden 	5
numGenes 	48
minGene 	-105.0
maxGene 	105.0
popSize 	50
maxEvaluations 	20000
mutateRate 	0.775
mutateChange 	0.5
seed 	1741668407847
random 	java.util.Random@74889041
neuralNetworkClass 	class coursework.ParticleSwarmOptimiser
Training Set Training
Fitness 0.015464920513877357