-78.13681360799326,-329.872240413251,-117.93032966460571,294.0415637055809,533.3735126260525,-462.107636992301,-175.1784114066846,-485.3742387021395,-610.3060419123173,-35.34640438843509,-254.66375584661805,-389.88330557494,-73.55570700050376,174.67164918633355,360.5125935118081,-14.700879692534663,-18.044835909245336,-462.9252258133677,-236.08950730415114,-265.97610160168364,-260.1259277456722,239.45565343479467,-64.65961918681876,640.4251926930402,-83.05278499546567,-99.79887865115522,126.15381094178457,144.29849263938587,-179.794988842865,0.9122829084246205,-24.83709381768877,14.735097567678322,83.12261330916535,317.97067563479357,-227.2147636466107,-77.99533479312021,-509.455141681762,47.49699556458814,4.06212242080038,-345.04549787275954,-63.64105934070199,-634.885877673392,787.2972531702094,-894.6623221849025,-29.616585841919164,228.2809721980597,584.9920886620179,-202.79305152694891
numHidden 	5
numGenes 	48
minGene 	-155.0
maxGene 	155.0
popSize 	70
maxEvaluations 	20000
mutateRate 	0.775
mutateChange 	0.5
seed 	1741670906991
random 	java.util.Random@31fafee2
neuralNetworkClass 	class coursework.ParticleSwarmOptimiser
Training Set Training
Fitness 0.01844107903276201