-121.77150064032914,-53.49720198749962,-308.23753426362043,49.83435277898495,-466.046648824481,52.737525585225896,-244.06422217065744,0.4814821876098426,142.27606794552506,-458.679640701074,243.82371557329884,6.422118212775586,-80.92352305867769,13.20319171957344,-133.84994528083104,218.20389900554682,126.39340699799197,376.6247903590915,169.3443099289,-156.29596841881,309.0621410584951,279.6514644190611,75.40013773564692,153.22919396594395,40.49492381872358,-414.94346778983584,-357.85545484086754,-7.707070492800097,165.88937932554535,2.7956420370606727,-125.68151072384764,226.75926948968953,-261.5911461960335,185.97541434790722,405.4591657355155,-271.5863285555162,-613.5035125518533,383.1899450113722,475.37379223430577,84.68436924267625,206.44419268029915,-343.644171875545,-91.85744114691178,252.01821566972393,-264.98861322112697,-613.6900698768987,208.79910751547268,21.605679915080536
numHidden 	5
numGenes 	48
minGene 	-165.0
maxGene 	165.0
popSize 	165
maxEvaluations 	20000
mutateRate 	0.775
mutateChange 	0.05
seed 	1741679794526
random 	java.util.Random@1b9806f6
neuralNetworkClass 	class coursework.ParticleSwarmOptimiser
Training Set Random
Fitness 0.00956553941408716