419.412559123558,-321.26869197442863,11.90973710327976,-321.509479195164,154.0458126787454,138.405596127271,105.19895319101059,-341.9463314189935,-72.80063125037478,-534.8729552517858,105.49895544091501,-549.2472142066409,-11.02209139083779,-292.9286008843678,-226.92196677127882,101.19776851987518,-217.72754179346524,-825.6366573145995,64.87224681571611,64.80386757717412,435.8529592985053,160.16482961561036,-110.1502780648447,5.488799307976979,104.9278298931999,268.4441683886632,169.85184881209307,14.2017116253963,0.15477014324273786,-152.25635312820665,478.836200430164,-62.37738072669726,-74.4075680387663,-270.0426741205371,-82.80051235536912,-14.241489938327994,226.02117362422558,-18.872997731384096,-480.4014349058042,-225.61018270254328,570.1822778687024,16.708774470719945,-39.64844215940482,213.56055322183494,-300.2938839112649,-544.8958061942279,-72.85467276471586,-28.91599663121406
numHidden 	5
numGenes 	48
minGene 	-165.0
maxGene 	165.0
popSize 	165
maxEvaluations 	20000
mutateRate 	0.775
mutateChange 	0.05
seed 	1741679794526
random 	java.util.Random@1b9806f6
neuralNetworkClass 	class coursework.ParticleSwarmOptimiser
Training Set Random
Fitness 0.006844870369833695