-88.9317230407508,-35.346199310477814,151.32029135965954,-27.57302847116834,6.394027427043094,23.45392260035458,509.66686654166676,28.856771070756235,152.14239810040627,273.35596935893295,131.4326813618311,3.9059188292403197,201.83374146315342,-332.2292712410493,-21.43217289396685,152.2375792481279,-103.90352358955786,-67.2275506361987,2.385348081216688,452.3992058010895,-83.16901623934241,-8.880788334889763,-34.5874457542072,-110.61322247129445,77.5734876365298,-121.22510696890889,70.49192544272822,2.4997176844860274,-155.7923317315897,-12.144624774958446,-77.27193589068679,-18.098606667235813,-106.26867277324617,-80.18534945604449,57.053088735270386,12.734756370056466,227.54453626017678,-444.4565578521646,-4.675262926569372,-28.26006411340487,6.43296923045722,62.78769422791378,346.5241667138733,12.996697658130913,172.1057309749587,17.215797098512937,-132.49114415135458,90.83493306355749
numHidden 	5
numGenes 	48
minGene 	-155.0
maxGene 	155.0
popSize 	70
maxEvaluations 	20000
mutateRate 	0.775
mutateChange 	0.5
seed 	1741670022392
random 	java.util.Random@1b9806f6
neuralNetworkClass 	class coursework.ParticleSwarmOptimiser
Training Set Random
Fitness 0.008381042051769792