90.34222183198258,109.82192465527501,456.81807711616227,-541.2875373461393,-182.25454562860355,-694.387406475935,784.9574119771723,330.60636257484174,-195.9854502311639,204.93589354927394,114.42132918737346,-91.2963603795116,643.5821994199915,65.47520827336555,-613.7653442524916,-746.4762549615764,-102.83425228991496,404.20672928900035,79.41431658890373,-171.86365788880835,-7.688389732683585,-278.496388318406,41.568192907984404,4.613729794004513,-134.19591333715326,7.915762102542302,-330.34387064932065,-11.98797080953457,-501.6700757551482,327.94982859506314,291.32075730620085,-86.53605686420441,-455.3738719326157,-317.77699366051564,39.00816493120341,107.80532691582275,694.9450917676932,-205.29473064989895,72.18878281191688,685.3520741622939,97.27676299592122,34.84292454280142,316.2295674184256,-135.0996746382382,63.13951022798531,64.39715821062339,5.303201996333177,151.47181405519424
numHidden 	5
numGenes 	48
minGene 	-155.0
maxGene 	155.0
popSize 	70
maxEvaluations 	20000
mutateRate 	0.775
mutateChange 	0.5
seed 	1741673580248
random 	java.util.Random@31f2808f
neuralNetworkClass 	class coursework.ParticleSwarmOptimiser
Training Set Training
Fitness 0.007446456219370461