-113.92476567100026,334.888362906024,-318.23422200401734,17.72487802736161,-69.65589812377723,-138.80320970869087,62.367807458812045,136.93272608350725,-15.120764927433134,453.17792951178546,-190.13915507618503,376.6960421424903,-2.2501002796649074,234.33217766773302,75.39693749297207,256.1276220432587,150.85429310350392,-273.2888672637333,286.87578007318774,504.0910817348447,82.8730253292678,26.3771148320364,25.54680270821235,-122.60896914307477,2.2595414030587824,-9.968506222243125,-6.458499429363756,-48.64931893108065,-51.44424314138072,-7.267545127456182,-59.75477533583041,304.55892230883654,111.49531906347612,392.6085424413068,-128.6066603677353,-26.840097370024818,-254.16648859009717,153.93038307451857,-46.7750300091655,-0.9538428672279151,93.67946852529985,143.33282498636183,-70.11414820864853,-170.9266875545648,349.8739956904179,-16.375945147344538,116.42012022928199,73.99786361656676
numHidden 	5
numGenes 	48
minGene 	-155.0
maxGene 	155.0
popSize 	70
maxEvaluations 	20000
mutateRate 	0.775
mutateChange 	0.5
seed 	1741670022392
random 	java.util.Random@1b9806f6
neuralNetworkClass 	class coursework.ParticleSwarmOptimiser
Training Set Training
Fitness 0.004215111265248712