22.659094897428904,-342.93354615176156,244.97051482968428,144.4324930018019,235.95954077439552,-181.31070794477586,67.45822477052722,-167.94802447527337,135.24893579078739,370.17233251720944,240.19442715529144,178.0875742053698,177.7266455043799,362.2565579089855,-291.5084899918338,-365.5583101253127,-303.153851405448,278.4111326253335,-39.869240422572055,-444.8891299909344,118.24841514184412,-493.6877816822179,-113.87921875324025,204.7088927103575,647.746612789334,-79.25573493196386,-760.7165981545343,-74.74539266790285,-235.4395979311134,-11.536652206336274,-301.63643998645085,2.118785215522731,-517.7200804770376,203.9841998300457,756.9577212526063,-72.11993612168347,-297.1810423494377,-841.2458189073171,379.961826512606,190.68207320739396,-815.402222597204,289.2184572534157,65.54444963689711,72.23812416735248,-62.357741048888116,34.67551520665906,303.9957362755157,226.47434529592863
numHidden 	5
numGenes 	48
minGene 	-155.0
maxGene 	155.0
popSize 	70
maxEvaluations 	20000
mutateRate 	0.775
mutateChange 	0.5
seed 	1741673580248
random 	java.util.Random@31f2808f
neuralNetworkClass 	class coursework.ParticleSwarmOptimiser
Training Set Training
Fitness 0.027115088239665693