69.21645214566591,262.5307503395532,-268.25833401332477,-158.67394987394624,-324.5343522360399,25.412557666020795,-145.85348451582593,-324.38955954868965,-797.0101020996451,-1.6943415670628994,0.606518151892125,232.1756754656321,-104.39075464566936,-645.3036039670925,-90.68533829409355,192.90430135320503,-306.26116912550646,261.370806525758,71.58454080399812,-324.8247225566648,25.60352184120097,-303.50602155795093,-367.51520087480117,13.568663996266677,18.52585770528551,62.74725521604908,39.71145121587965,-28.667267555977975,-40.834147053822306,-25.987229495174027,-164.22809717527633,-235.0503897764724,47.70352586336034,138.02109311301865,33.05964247909418,-182.38452058247225,94.14521835993614,-74.26208214715953,-7.892413935178875,-130.9628039225206,331.1505510121175,-112.966714641081,-13.61960097801662,256.2700720996838,-47.80956006154737,86.33173143508594,-29.63231953774343,-195.76594716221322
numHidden 	5
numGenes 	48
minGene 	-155.0
maxGene 	155.0
popSize 	70
maxEvaluations 	0
mutateRate 	0.775
mutateChange 	0.5
seed 	1741670022392
random 	java.util.Random@1b9806f6
neuralNetworkClass 	class coursework.ParticleSwarmOptimiser
Training Set Test
Fitness 0.0645591288108897