251.44856730352424,-302.6830069157686,369.3642352803002,168.07550093916404,-188.77364369718256,-447.8295642096678,429.8906295781897,-29.435947833516448,476.132174941536,-464.65404643477626,-108.9325756705418,-363.574228994551,204.87098014583108,23.80688840958397,-193.38064319528485,-275.028424352759,249.12128670186385,-141.42721588193592,603.2727083249281,74.75633257636095,-242.63024626330218,-21.584309514521305,-237.9361783919152,21.00524717148094,-649.3677962330514,78.72306186490209,-3.59108529493486,321.61939941563236,-9.085441367401293,-47.49727000471314,15.842606524769913,14.701641424937783,33.76040129452875,-410.7658627418295,76.11764295692633,460.4736685518403,-208.77353851396057,-403.1063533548493,161.10989577789238,244.28027547739015,-401.0197525771729,406.3423903516449,17.04223878467495,130.03728458923902,527.1570022932484,156.2650943421176,95.33691187368109,292.89927198440904
numHidden 	5
numGenes 	48
minGene 	-155.0
maxGene 	155.0
popSize 	70
maxEvaluations 	20000
mutateRate 	0.775
mutateChange 	0.5
seed 	1741670022392
random 	java.util.Random@1b9806f6
neuralNetworkClass 	class coursework.ParticleSwarmOptimiser
Training Set Training
Fitness 0.003991192054426873