-62.90453620642463,-245.01765488419548,456.85753667711475,-79.90147561326748,50.998666927374515,621.2231209826023,-241.39780907775713,-378.9812653590525,-62.47765874114418,23.124174740104916,771.4483669502682,87.69227380457679,156.65202063839322,484.6638751727749,174.3658005558132,466.622762982015,-61.490219914844296,-69.04326145089102,319.24579629377405,-162.7537103131938,-346.1973914224919,300.3066110295446,199.7530173204103,-25.32980037451783,-77.93648763816059,19.18982039379546,42.828979496078254,8.9069047372863,-10.13117428800021,10.247486602090007,33.09287487761157,-805.8477602575734,340.97915994287604,-140.06854818561266,458.32827991291094,-385.6091817528486,185.96762091614048,345.0904824016685,-15.714342852038456,-37.10373403838531,-427.8409129374311,-14.210089065848022,-3.32485348085275,-413.99894475101155,-22.462834499997708,70.04318644867156,-170.0264388261889,98.32726270712905
numHidden 	5
numGenes 	48
minGene 	-165.0
maxGene 	165.0
popSize 	105
maxEvaluations 	20000
mutateRate 	0.775
mutateChange 	0.05
seed 	1741679587363
random 	java.util.Random@25b5fb60
neuralNetworkClass 	class coursework.ParticleSwarmOptimiser
Training Set Training
Fitness 0.015433142171776945