605.4479479630563,325.1769741247195,-187.51795142156746,128.90576298170095,-30.317166701569132,-299.9656533300502,-144.23789134200075,-247.38913599759815,292.7574061292664,328.84331557374395,632.6857128046369,-385.27202993326335,201.54369649614313,-116.1198570036226,5.632460635469772,-252.83343075575917,179.3374925299017,-186.66037959418085,-156.4069576149259,472.4433941193632,35.179468926471856,-21.69513654146139,-104.10580090333053,-185.62349229985782,-6.521713470166382,7.029919593538422,607.9408915930483,-215.90838111906328,85.60712971658451,-6.809682648613228,382.38536497764824,-278.43868865633465,149.18117774968397,-67.38758965079366,-80.01273818137851,-31.959200847761704,191.63152436283104,-57.988398391927575,376.23069270883616,68.6610788170357,-117.0185971748821,204.01550830951055,-232.21980996811794,103.44981947692072,234.99356101062483,-86.00727260729498,200.3907197345194,-18.365262427063826
numHidden 	5
numGenes 	48
minGene 	-165.0
maxGene 	165.0
popSize 	105
maxEvaluations 	20000
mutateRate 	0.775
mutateChange 	0.05
seed 	1741679587363
random 	java.util.Random@25b5fb60
neuralNetworkClass 	class coursework.ParticleSwarmOptimiser
Training Set Training
Fitness 0.006286662293642559