146.60390691528846,91.4877012772015,480.18841937616554,-324.71856964157837,-36.06178968382152,454.90578146752625,-424.6159534325033,-24.678813956019066,59.94294139088262,414.784421537918,-176.46341616747833,89.63900104276613,318.9294847882157,-189.62930141039516,-103.83978273616616,88.36937775145617,-368.2107722787193,-36.892055986278464,-124.27109862815254,-39.53912715880299,-408.0277915081798,-50.34416064421571,381.21570334743154,-3.441421407558218,326.7728233864558,-13.136825413247927,11.738347059007332,131.87406792327957,-2.784245650460866,10.521877763044246,204.56130703604964,7.084002285775965,143.71575244736738,253.4600350685485,192.4789465207962,-627.4527758616724,-77.16783099321245,-8.215628052622172,32.37451332481171,-375.39022203360156,388.50312523629736,-96.11590059781554,-117.80825106775677,-360.8821019544855,80.18645305788408,36.646916596560935,152.77474007063566,-279.3563201738863
numHidden 	5
numGenes 	48
minGene 	-155.0
maxGene 	155.0
popSize 	70
maxEvaluations 	20000
mutateRate 	0.775
mutateChange 	0.5
seed 	1741673580248
random 	java.util.Random@31f2808f
neuralNetworkClass 	class coursework.ParticleSwarmOptimiser
Training Set Training
Fitness 0.008262197222519007