-570.1090958829649,-170.45681688345877,-110.58733331890582,89.8441832496303,307.0144221561975,156.402260406543,650.017764785991,-382.15598925444374,26.692153649111237,-106.09283885395736,-45.34095907008471,-362.815598981891,-149.58038447943932,360.8747170237527,391.84540840451086,26.498446032012478,721.3794904257871,-0.032758995626996246,-710.413205327883,201.32820232498898,-373.7302972826403,3.425806211718104,-160.02732538424831,433.01885914633004,27.15958839388681,422.49684334838366,-10.58485691997034,-289.8528782020589,475.22492045616895,0.0278596867969228,-85.2039949750862,-433.41399971954576,138.98138966962068,-119.42979876417982,405.0950734117063,869.7481167300464,320.01090554095776,494.3353353046249,174.8699339003245,-148.19409540038762,239.38627543726395,-250.12778192398287,633.3098539415655,-775.4116946349831,350.96416598962105,-38.84416491735701,447.28039397708955,37.82838057664242
numHidden 	5
numGenes 	48
minGene 	-155.0
maxGene 	155.0
popSize 	70
maxEvaluations 	20000
mutateRate 	0.775
mutateChange 	0.5
seed 	1741669380359
random 	java.util.Random@31f2808f
neuralNetworkClass 	class coursework.ParticleSwarmOptimiser
Training Set Training
Fitness 0.004707060613969682