418.8433433375833,206.18463308358258,-360.1840316227559,5.688218725949878,-59.951172468595736,-443.5883558861654,-367.0558172894864,-143.93610083870857,804.3350809134226,-153.4256471037107,305.94041621086046,104.31805539694557,455.1671744821341,2.2099355229411737,335.3571953027692,-697.2578267962107,-124.79980989685299,-261.77200330572487,313.7785790789021,143.5612104824994,155.4495976022743,55.82528360645323,139.7186615740105,-569.1072444682203,406.39754911921335,13.09173678760812,409.0856060935366,-220.14322831545908,-23.75136231737325,439.56830056978606,203.09303047303274,-200.3918132000594,-76.87595686340326,78.29638019953761,-76.42419139668965,-179.46086115972818,30.55483378273933,86.02239332657017,-52.56172166474996,-460.27901096578825,-287.24127129808073,724.1042220592888,12.349857744676855,-140.91705795894572,332.7782676977653,22.08139761405031,276.42894944358335,-251.86311477146853
numHidden 	5
numGenes 	48
minGene 	-155.0
maxGene 	155.0
popSize 	70
maxEvaluations 	20000
mutateRate 	0.5
mutateChange 	0.5
seed 	1741670779580
random 	java.util.Random@31fafee2
neuralNetworkClass 	class coursework.ParticleSwarmOptimiser
Training Set Training
Fitness 0.03643789801790783