185.31531683198625,32.47185837664576,-92.22332649590112,716.4151691192659,510.5675183658326,-461.0942829595431,293.0441098361189,375.9557028297674,-832.9328013256724,311.2999480459324,-96.97285030608687,15.626951856929056,-213.76107586370406,497.16317147037205,372.7686568639639,69.08814300233733,559.9585408474136,-557.2780727973145,644.4738823067482,6.836228187717623,-152.78329359680725,45.39951363303699,117.6328551135203,169.81089250681063,-2.7784706081271358,-350.039175362324,-9.078775797369103,473.04983360725834,-3.4905841683257566,-4.410048729702014,71.37221105877701,84.75385402410298,16.570188244827047,91.72908991148168,-109.49040201750287,363.0433844859342,134.30448285955586,-338.9829937902044,-52.99000652751432,817.4213515533793,-209.22622769377503,-13.774154805548962,156.52809371325495,-285.2315952341978,-125.69619441984905,-197.6003174245562,0.8005983240731565,219.3212373840421
numHidden 	5
numGenes 	48
minGene 	-155.0
maxGene 	155.0
popSize 	70
maxEvaluations 	20000
mutateRate 	0.775
mutateChange 	0.5
seed 	1741670022392
random 	java.util.Random@1b9806f6
neuralNetworkClass 	class coursework.ParticleSwarmOptimiser
Training Set Random
Fitness 0.005422815299186443