29.666781765919207,-91.19815305639604,-284.20968084031523,229.69078259822845,84.85981865369949,-170.1101115480191,138.49259961619882,22.613740271194615,66.99223160957284,111.7071754435172,49.62397210798073,-239.18181229635337,-304.45509901016214,-58.564853361273684,307.3192265253265,-5.176399747767606,250.73721697677217,-104.25621405143414,-27.888553780982758,-19.695603644772056,-394.9530017904397,60.61315036244834,29.78124426455615,-507.07736619111023,71.79360420280928,-140.14317079686418,-5.108504641178535,-3.0790307824815146,-134.38123977640873,7.183447959830601,-102.23676311438687,-198.9868453047217,6.400759381242791,-45.30715396999789,101.94298095437964,53.40033867183355,-215.50516488166477,209.51329902648658,-22.175450609961704,193.4859257154,234.97974438515956,41.24571768870303,-50.59152325166446,-93.8570913727403,83.2295340103634,-52.23387345717037,-17.38598445450217,-63.673222203138025
numHidden 	5
numGenes 	48
minGene 	-155.0
maxGene 	155.0
popSize 	120
maxEvaluations 	20000
mutateRate 	0.775
mutateChange 	0.5
seed 	1741674157079
random 	java.util.Random@25b5fb60
neuralNetworkClass 	class coursework.ParticleSwarmOptimiser
Training Set Training
Fitness 0.006682618404845577