-285.83341829492474,565.5779198034876,76.55714790603648,-58.590016336893754,-17.15928156985526,-427.54183448984315,-1014.5704204327233,-604.5744553035634,-315.1591280336944,-165.7397675529522,-831.6098383872774,523.8212547165367,106.0298402232605,-1274.7351629580048,-770.6726224003809,-131.12812381270564,-1159.5489284935954,70.63103115737691,-671.3884180069781,309.84837681854356,205.2097067806572,121.59423169943449,442.0552511574684,492.4188069579738,222.33000246853675,32.39340381569165,7.040154357046699,-303.5634038650073,-624.4955290275831,-42.28326805431051,-634.078857465996,723.7504298115368,-126.41561854126407,771.0806270272274,-828.086709551753,-699.3405003044327,261.79394616667895,39.791716788311795,-130.63841083926803,-772.4222469926884,349.4591541238724,245.54379935254923,201.16721029555268,546.897685049987,-313.3012714117826,642.7232554455752,442.02472351927,-180.66336097439012
numHidden 	5
numGenes 	48
minGene 	-155.0
maxGene 	155.0
popSize 	70
maxEvaluations 	0
mutateRate 	0.775
mutateChange 	0.5
seed 	1741669705428
random 	java.util.Random@31fafee2
neuralNetworkClass 	class coursework.ParticleSwarmOptimiser
Training Set Test
Fitness 0.04867410547432514