-5.099228505065417,71.78389194897983,282.5537988265312,-65.8932643393418,550.1228917022556,365.7614340048586,-89.07457501405372,15.926160259341502,254.0535824373382,168.22855248173664,-48.104624440870296,-82.7787930100235,228.57122675037127,204.84216451605747,862.6320513252047,704.3100994569073,176.80186785078328,-289.2128572858001,13.512153603823833,13.791260959441884,39.5040427268429,184.81311378451517,-160.6854016535323,67.50979600984465,48.392343592145934,-9.6299114560721,296.3686661958729,49.069858041306944,316.5144248657885,-2.085450876062527,-15.396116248995217,-29.519292563519826,746.8140049085332,-514.2776953759849,-126.9856268669302,103.42897105269391,286.4927183703044,-130.00599235639754,338.9510604850012,120.03818574585833,-288.6677517341478,-21.075132715969318,188.0074358694319,-365.31816879003003,414.1838399138173,-78.34456977560208,361.6857614578734,-300.25729825202563
numHidden 	5
numGenes 	48
minGene 	-155.0
maxGene 	155.0
popSize 	70
maxEvaluations 	20000
mutateRate 	0.775
mutateChange 	0.5
seed 	1741670022392
random 	java.util.Random@1b9806f6
neuralNetworkClass 	class coursework.ParticleSwarmOptimiser
Training Set Training
Fitness 0.004169932797291393