-105.79858325125576,-213.43104687680847,199.55531184524222,-17.131882310546676,275.23477205951895,303.7858705637452,-484.3138540007467,146.57239135117,-41.77026888925795,-111.58442005327906,-800.7444124513481,-292.3704274385086,369.9579280644368,11.87824369383104,-612.041900733142,557.7265885861068,1089.5120793576473,312.0516484112138,-35.614278331450635,-193.40719678233208,32.88654015245352,322.0564209170321,20.310113952274246,-354.1705171263982,-111.36515179093206,-0.36752935423230815,16.21402388729438,-7.897403410150491,-585.2764247860713,-49.16980408055298,-4.3199911845297,223.00352825600257,301.44911851549347,-60.04779488825795,163.2646248576747,-13.728131882711121,767.9297445943699,-370.935635860093,164.21337883254785,-113.0716106110333,267.5965274020306,-13.559221197762845,229.8139664340187,50.86944259847455,-247.74146006642297,-282.7974026715545,104.33193233336794,-63.626394467921166
numHidden 	5
numGenes 	48
minGene 	-155.0
maxGene 	155.0
popSize 	70
maxEvaluations 	0
mutateRate 	0.775
mutateChange 	0.5
seed 	1741669705428
random 	java.util.Random@31fafee2
neuralNetworkClass 	class coursework.ParticleSwarmOptimiser
Training Set Training
Fitness 0.0047964678377846875