114.38013889196142,-325.95492433007735,209.43791577101538,-304.546968744715,-259.40408870457225,132.51572387255146,-216.4074862091575,-108.96986616399687,-111.50592833880998,179.99830814706536,77.2710654608279,-156.40867919817413,193.43798247291642,-427.00814035522524,-250.38213440417695,350.3592545806789,-90.21646069006698,-296.67634452915485,-55.87727178618079,-115.82727510158746,27.797266370250362,-89.0921621386317,112.16427549410419,-326.42029805577215,-32.0099507943012,-5.296245823804274,-177.48993624613075,98.29427870578584,-107.93847447609568,-0.4551273338601882,314.0079105877713,-471.1059398293472,139.4889754766943,-164.26450736581128,110.281560620995,-409.4483592519426,149.26074471224123,69.72378540132185,-242.6679420032996,404.1213699390034,247.84774515824668,-28.021212994838397,-66.48259860293578,189.9315048044733,169.37117424709479,100.45368375931649,-51.59047767603328,7.5651170068845035
numHidden 	5
numGenes 	48
minGene 	-155.0
maxGene 	155.0
popSize 	70
maxEvaluations 	20000
mutateRate 	0.775
mutateChange 	0.5
seed 	1741673580248
random 	java.util.Random@31f2808f
neuralNetworkClass 	class coursework.ParticleSwarmOptimiser
Training Set Training
Fitness 0.005087516880995714