-76.43467507284339,336.24066866203646,169.8462765494279,246.56336460268116,-265.89988931305794,328.7036618781121,-85.32581218105338,-263.89902768755456,2.725424091487554,-94.68417680642906,-23.634224244828932,241.9863534334607,1.3872475293817987,443.0801765140978,44.55474607572506,148.87785155494586,589.392778770464,-563.9365925517735,366.6886308240956,52.12954512040569,-307.9247805983573,-304.6080351246992,-173.03739228306532,63.07564870957474,-180.19023760505854,25.262672142228816,-91.05862338236496,-284.9282786367248,-2.83970531903855,212.72338842062464,-200.0871608256649,-24.646883694226215,523.9960632585986,-125.7125678433436,-93.82065745668254,101.36653347391268,-175.8951936797894,134.97582446857407,-304.3272525865797,556.6129010680943,-377.49039836095756,-120.82467665287766,-581.8051867131094,81.44979072391175,116.57272163760592,391.1234929356416,35.53388373711971,-42.264197407731416
numHidden 	5
numGenes 	48
minGene 	-155.0
maxGene 	155.0
popSize 	70
maxEvaluations 	20000
mutateRate 	0.775
mutateChange 	0.5
seed 	1741670022392
random 	java.util.Random@1b9806f6
neuralNetworkClass 	class coursework.ParticleSwarmOptimiser
Training Set Training
Fitness 0.03496210617970253