150.47336316665093,-87.15847148019564,341.72625235890547,395.99899017193843,-50.86279363158737,107.01312522779189,244.60282277800079,-132.41071331879826,315.0588638426499,-844.2339025280967,152.01871044855062,111.88950869476952,347.58496167452023,277.3295508588351,-172.4578313289482,195.87670050243548,-195.91160973659566,-23.011925870354336,-210.94197529040363,-84.9288533120178,-4.021290964857783,-77.7748858998735,31.60196915686264,125.86181882185868,567.6197013309101,-3.566854280735738,-65.6051981835425,5.905362625713043,773.5006884765779,-6.786416403840116,288.7223804036546,-88.93095627836956,238.4667832724315,192.22597410088952,48.314251254358155,-27.488091994640197,377.41866797012904,-554.7197383203554,-46.18181064826305,-96.6279476689053,201.39428963290294,23.65511851706793,511.64532632209665,581.4977304602254,-288.1887555652141,164.59420197940116,68.99993586718462,-188.84030227227228
numHidden 	5
numGenes 	48
minGene 	-165.0
maxGene 	165.0
popSize 	105
maxEvaluations 	20000
mutateRate 	0.775
mutateChange 	0.05
seed 	1741679587363
random 	java.util.Random@25b5fb60
neuralNetworkClass 	class coursework.ParticleSwarmOptimiser
Training Set Training
Fitness 0.008208346323631786