-21.95191551494181,-300.10915377014766,-110.22340910676131,-219.04877964254308,-21.897933371935384,323.4102676313495,-186.25415128166912,93.3539738470084,93.44489935436869,29.08002701929449,0.6840860030043583,-390.0370060844806,60.74604747420915,-541.1463679984712,-241.99281517226865,633.9479233075397,-180.36268014331486,133.3291398366016,12.556672388887076,-29.11955187558562,63.48313641317571,-20.13922556340675,105.33060689055422,526.3457412894878,-18.757069649588363,-10.561089876338752,4.620942948573634,-314.4132468755316,109.6703933367124,-248.8567541222836,-155.24708909451866,37.96400006776975,448.75456947202775,-105.4986723465168,678.815167145065,-228.5533851428299,263.753342098489,233.864374971344,-287.8373489868562,-72.42777620091891,-435.7332083990838,-132.63910251220884,-82.78004719667193,159.20961274175463,-94.56099824849294,132.40274087685512,227.35197826577533,-59.22160987534051
numHidden 	5
numGenes 	48
minGene 	-165.0
maxGene 	165.0
popSize 	165
maxEvaluations 	20000
mutateRate 	0.775
mutateChange 	0.05
seed 	1741679794526
random 	java.util.Random@1b9806f6
neuralNetworkClass 	class coursework.ParticleSwarmOptimiser
Training Set Random
Fitness 0.005824692667748002