-52.57923880331713,-27.57281959680946,-110.38004624028795,4.580563716339409,-62.022595406888875,-215.34175466779695,2.6057076327704563,-68.16015342205752,-38.18509233698117,4.999061617360129,189.7613010762802,-130.82161649453505,-271.10942040646665,-17.530558041076752,84.18290699205463,-444.8898438300217,1.5331138313893444,158.10813494120697,-34.97623329974843,-146.46630451898017,13.12683169764989,-43.48013008290159,30.64038566754238,4.246827789866342,71.29922248252448,28.713808764523172,81.99933423536586,125.6233537133001,13.759130393413352,85.35173023775714,205.81031801747628,-64.4459994418574,-66.76918275798462,78.839541174722,94.2332514330923,-10.590292415178402,186.18936103127623,50.72026654635654,3.2277694601996423,35.94885103002985,-47.45667948831439,-63.03345577974243,130.12230704811628,134.16962115265838,61.12115919437719,54.49400557241538,46.54211504571491,15.786259261283123
numHidden 	5
numGenes 	48
minGene 	-105.0
maxGene 	105.0
popSize 	50
maxEvaluations 	20000
mutateRate 	0.775
mutateChange 	0.5
seed 	1741668407847
random 	java.util.Random@74889041
neuralNetworkClass 	class coursework.ParticleSwarmOptimiser
Training Set Training
Fitness 0.11004801769720568